50
40
10000
125 280
56 37
405 85
209 434
189 25
167 243
204 241
113 249
488 17
181 496
151 260
430 102
183 310
318 142
36 326
140 214
420 401
409 347
25 446
379 433
75 257
18 333
318 99
115 117
269 144
97 494
312 105
443 290
75 412
332 281
304 66
38 251
206 441
254 336
43 115
105 389
116 157
362 374
462 402
107 15
131 100
349 92
35 286
153 466
292 451
174 297
422 208
263 489
486 431
166 38
76 291
124 494
500 115
292 31
265 298
461 194
26 467
5 474
283 4
26 401
240 76
327 191
216 375
103 187
446 324
134 102
420 122
94 69
389 103
355 78
466 137
431 491
331 451
334 421
348 163
343 417
382 127
142 116
425 337
290 43
436 76
120 354
311 419
214 446
211 139
65 291
251 133
149 238
419 332
128 483
29 116
461 417
422 173
361 2
68 359
2 371
161 391
271 84
431 305
499 238
0.0 252.6064132202506 341.2110783664563 175.41949720598336 262.90872941003687 55.97320787662612 88.10221336606703 33.24154027718932 448.2610846370673 223.14121089570165 32.802438933713454 353.1416146533852 65.29931086925804 237.26145915424192 100.18482919085105 67.68308503607086 318.8510624100224 291.79616172938256 193.7937047481161 296.52150006365474 55.036351623268054 119.40686747419514 264.59402865522117 163.3064603743526 198.07069445023916 215.82400237230334 256.11325619733157 318.1571938523471 141.1523999087511 207.0024154448445 278.9928314491252 91.706052144883 180.22763384120648 140.63072210580447 184.25254408012933 110.81967334368028 123.3288287465668 254.9607812978302 358.4034040016919 265.6106172576691 180.0999722376436 292.43802762294786 90.19977827023745 188.09572031282372 239.0188277102873 51.86520991955976 305.60268323429364 250.44959572736389 391.3080627842979 245.44856895080892 50.21951811795888 214.0023364358436 409.69500851242987 299.81661061388843 141.1523999087511 346.8313711301214 211.5892246783848 228.114006584427 318.0251562376788 156.33937443907084 234.1815535006974 220.73740054644117 131.55227098001768 95.56673061269805 324.0015432062014 178.22738285684386 334.647575816709 213.2650932525058 317.8443015062564 306.11109094575454 369.77019890737546 371.6947672486122 267.72560579817537 252.1150531007619 251.82930726982514 257.4742705592153 299.0953025375023 164.87874332369228 305.366992322353 288.7801932266131 371.93682259222464 74.16872656315464 232.2003445303215 188.35339126227592 165.1575005865613 61.0 193.61043360315063 48.373546489791295 298.563226134767 203.0221662774782 190.03157632351525 362.8567210346255 315.6865534038471 364.66422912043345 97.41663102366043 153.00326793895613 116.69190203266035 244.40130932546168 307.01954335188503 376.3509000919222
252.6064132202506 0.0 352.28539566663846 425.4621017200004 133.5402561027947 234.00213674238105 252.03174403237384 219.52904135899652 432.46271515588484 475.716302012029 242.39224410034245 379.6063750781854 301.09466949781756 282.25697511310506 289.691214916849 195.92090240706835 514.7737367038065 469.7967645695317 410.173134176289 511.0234828263766 220.81893034792103 298.4292210893565 269.23595599399425 99.40321926376429 238.36526592605728 458.8354824989018 264.8773300982929 462.3613305630132 375.48102482016316 368.39109652650404 249.68980756130196 214.75567512873786 430.9477926617098 358.6153928653928 79.07591289387686 355.39414739131536 134.16407864998737 455.1977592211983 545.9496313763752 55.54277630799526 97.94896630388705 298.11742652854093 249.8839730755056 439.82951242498496 476.54170856284975 285.5240795449659 403.97648446413314 497.14484810767175 583.211796862855 110.00454536063498 254.78618486880328 462.03138421540154 450.7992901502841 236.07625886564705 334.36806067565726 434.3662049469319 431.0452412450461 439.9659077701362 229.38613733179255 365.2341714571625 188.08774548066654 311.70017645166644 373.9572168042756 157.19096666157378 484.2199913262566 101.53324578678651 373.7927233106605 49.678969393496885 339.4775397577872 301.7979456523851 422.0189569201839 588.8471788163716 497.0120722879878 474.06750574153466 318.0251562376788 476.20268793865495 338.19520990102745 116.77756633874505 475.5638758358334 234.07691043757393 381.9960732782472 323.39604202896487 459.29184621545375 438.4575235983527 185.5505322007997 254.159398803192 217.34994824015948 221.472345903501 467.75420896021876 451.7742799230607 83.48652585896721 555.3602434456395 390.4510212561878 307.001628660175 322.2235249015813 338.3371099953418 369.24382188467285 220.0772591614136 460.92190227846623 486.46685395821163
341.2110783664563 352.28539566663846 0.0 400.2711580916117 224.17850030723287 285.6711395993652 254.4346674492295 334.90297102295165 107.29864864013899 468.0779849554986 308.4493475434824 30.23243291566195 316.0838496348714 104.0096149401583 440.72894164100455 294.7303852676205 316.3558123379433 262.03053257206494 524.1383405170815 348.9699127432048 372.13438432910226 459.64442779174425 88.11923740024082 291.7601754866486 148.24641648282767 512.0009765615687 95.12623192369179 208.4922060893404 464.5739984114479 209.15305400591214 102.77159140540736 402.7964746618322 407.8443330487749 292.91978424135164 363.24096685258394 427.10186138671884 297.83384629689084 292.18145047213386 322.0838400168503 306.11109094575454 274.4102767754881 56.43580423808985 421.07125287770475 456.7986427300326 383.0469945058961 313.53628179207584 124.16923934694937 428.2289107475113 355.3547523250533 243.57750306627253 388.171353914737 496.2277702829619 99.62429422585637 125.23977004130916 254.89017242726328 122.54386969571347 538.1124417814552 557.9614682036745 146.44111444536333 493.45415187228895 165.24527224704494 131.60547101089682 346.15170084805305 318.76009787926716 242.4912369550702 271.53268679847736 39.92492955535426 311.4113035841827 24.08318915758459 50.48762224545735 80.15609770940699 406.831660518205 373.4059453195677 343.41956845817623 96.60745312862771 337.739544619815 47.885279575251516 264.82069405543064 252.79240494919938 122.42957159118053 32.28002478313795 391.9004975755964 346.9755034580972 408.4140056364375 201.37527157027003 397.53741962235455 161.3071604114337 298.23648334836565 247.39644298170498 484.90514536350304 377.27576121452597 336.68976818430343 89.62700485902673 93.94147114027967 434.3328216932264 494.17102302745354 391.3719458520245 134.00373129133382 221.53103620034824 179.56892826989863
175.41949720598336 425.4621017200004 400.2711580916117 0.0 409.4887055829501 195.5632889885011 193.06475597581243 208.42504647954382 501.7270174108626 68.0294054067798 183.412104289766 398.82953752198443 126.69648771769484 311.6809265899984 203.94361965994426 230.5666931714119 213.56497840235883 218.10318658836692 184.39088914585776 170.00294115102832 222.00225224082752 216.06017680266763 352.28681496757724 330.6433123473088 296.1418578992169 127.05904139414872 344.74628351876396 274.75807540452746 135.79396157414365 196.31097778779463 380.06446821559103 250.4595775769016 7.615773105863909 107.83784122468327 359.60672963669634 113.3181362359971 292.1951402744406 164.34415109762804 255.01568579207046 431.2365939945264 342.98688021555574 369.5456670020635 228.42942017174582 64.4980619863884 84.72307831990054 141.40014144264495 310.55595309058236 77.07788269017254 277.01624501101014 398.32775449370837 195.28952864913163 104.04326023342406 431.7893004695693 411.45838185653724 147.07821048680188 348.0 185.9516066077408 207.88458336298052 436.32098276383635 185.9516066077408 359.339672176619 270.135151359463 59.413803110051795 268.78430013674534 261.283371074395 340.36597949853916 376.64970463283254 382.6878623630491 376.77712244774096 384.77525907989457 392.75692228145385 229.20078533896867 123.17873193047572 125.67418191498204 304.56854729272357 135.07405376311175 352.38898961233167 324.98153793715727 236.78048906107108 399.30189080443887 423.90211134175775 119.6703806294607 103.0970416646375 13.0 295.006779583114 202.94087809014724 303.9161068452937 204.9780476051033 233.46091750012462 94.66784036831093 365.4093594860427 252.57276179350774 336.8827689271151 457.96069700357475 159.70597985047397 216.37467504308356 64.4437739428721 355.4490118146343 256.7586415293554 350.0228563965502
262.90872941003687 133.5402561027947 224.17850030723287 409.4887055829501 0.0 219.10727965998757 216.52020690919358 236.5417510715603 299.1070042643602 471.0679356525978 238.05251521460553 253.00197627686626 285.0631508981826 174.1551032843999 337.6536687198882 195.24855953373896 441.29015398034886 389.9794866400026 451.81522772035913 450.0711054933431 258.49564793241683 352.28539566663846 148.71785366928881 118.06777714516353 143.39107364128355 477.93828053421294 146.72763884149435 367.07083785013486 403.4414455655244 293.2319900692965 122.09013064126027 271.8032376554775 416.3472108709268 317.7200025179403 171.51093259614677 373.56659379553736 150.8409758653132 389.5253521916128 465.4653585391721 82.60750571225353 94.81033698917012 173.46181135915768 303.0462010981164 442.4669479181468 438.2750278078823 272.4132889563209 296.2735222729159 469.8638100556373 503.03578401541176 26.419689627245813 289.0069203323685 473.48284023816535 323.76071410842917 103.1746092796091 283.3813684771813 320.2264823527249 471.0976544199727 485.2391163127721 96.317184344228 409.8109320162165 72.12489168102785 215.87033144922904 351.03988377390965 183.412104289766 394.27148007432646 94.62557793746889 250.53941805632104 104.69479452198185 214.67184258770408 174.25555945220228 298.7858765069059 525.0904683956851 449.0434277439099 421.71198702431974 210.535032714273 421.16505078175703 218.29567105190154 102.42070103255493 391.2032719699568 102.59142264341595 252.21022976873877 336.157701086856 412.45605826560484 421.7416270656716 116.10340218959993 293.48253781102545 124.53112060846478 216.72332592501436 383.6000521376398 462.0443701637322 184.06792224611002 477.1247216399502 276.0307953834137 173.53097706173386 355.24217092006404 393.30013984233466 367.06947571270484 101.01980003939822 370.08647638085887 376.12364988125915
55.97320787662612 234.00213674238105 285.6711395993652 195.5632889885011 219.10727965998757 0.0 37.05401462729781 54.3323108288245 392.577380907255 253.38705570727168 23.345235059857504 298.41246622753545 68.8839603971781 181.6645259812713 155.08062419270823 39.6232255123179 298.28342226815084 263.4008352302627 247.7357463104588 284.682279041039 93.05912099305473 174.07182425654074 208.65521800328887 136.3084736911099 142.1442928857856 260.5782032327339 200.1724256734678 279.9732130043873 192.41881404893857 169.31922513406445 223.8258251408894 129.24782396620841 201.80436070610565 127.34991166074674 178.2133552795637 158.61904047118682 99.98499887483122 234.9170066214875 335.1208737157386 235.762592452662 147.46185947559457 236.48467180770933 138.82723075823418 223.4390297150433 242.6705585768492 54.45181356024793 257.390753524675 264.06817301598466 370.2769233965303 205.00243900988104 102.88342918079665 254.65663156493687 356.7534162415267 246.10770000144245 112.37882362794157 298.05536398461277 264.6828290615015 282.14358046923553 265.6633207652121 211.7663807123312 182.25805880673698 168.23792675850473 140.80127840328723 85.0411665018772 290.5202230482415 144.81022063376605 280.4460732476032 188.692872149427 262.4576156258378 250.13796193301008 317.2333525971063 362.2154055254967 264.8773300982929 244.07580789582568 197.89138435010253 247.4914139924858 244.29695045169925 129.43724348115578 274.5906043549196 234.79565583715555 316.62280397975127 120.5404496424333 227.40272645683032 208.3698634639856 112.92475370794483 112.72976536833562 138.40520221436765 18.681541692269406 267.25456029785533 243.14810301542556 187.5446613476374 341.6313802916822 264.43335644354704 309.38164134285665 152.50245899656832 208.8276801575883 148.12157169028418 189.992105099133 271.1825953117198 332.03764846776033
88.10221336606703 252.03174403237384 254.4346674492295 193.06475597581243 216.52020690919358 37.05401462729781 0.0 91.35097153287424 361.7070637961056 256.03515383634334 56.302753041036986 265.32432983049256 72.12489168102785 150.98675438593943 188.27904822364064 69.46221994724903 268.80476186258306 230.7834482799839 272.15069355046666 259.7864507629295 129.98846102635417 207.5090359478353 182.0988742414406 152.63354808167173 116.76472069936193 274.69619582367716 173.6663467687393 243.97130978867168 214.2008403344861 134.1044369139217 201.55644370746373 166.30093204789924 200.0099997500125 107.35455276791944 204.44314613114327 178.05897899291685 121.6552506059644 206.52602741543257 304.11346566701053 245.93698379869588 158.7765725792064 207.90863377935992 174.88853593074649 230.70760715676457 227.69277546729498 63.52952069707436 220.4835594777987 254.9215565620138 340.03529228596256 206.52602741543257 137.41906709041507 265.34694269955327 321.70172520519685 227.69277546729498 83.48652585896721 261.26232028365666 287.6803781977492 306.41475160311717 249.81993515330197 239.3407612589214 168.88161534045085 132.7742444904131 134.5362404707371 114.5294721894762 255.8378392654222 155.63097378092831 246.61102976144437 204.16659863944446 230.8007798946962 222.19360926903366 281.8865019826242 337.6818028854975 245.41597340026587 222.03603311174518 163.76812876747417 224.26992665089986 211.3764414498456 139.5313584826006 240.9502023240487 215.87033144922904 284.6910606253733 140.80127840328723 207.68485741623053 205.24375751773792 102.23991392797629 147.7193284577208 117.78370006074695 55.08175741568164 233.46520083301493 253.65330670030698 215.05813167606567 311.4883625434504 228.35936591258962 285.9545418418809 180.05554698481245 240.21656895393374 156.0416611036937 170.6985647274165 235.8495283014151 295.01525384291574
33.24154027718932 219.52904135899652 334.90297102295165 208.42504647954382 236.5417510715603 54.3323108288245 91.35097153287424 0.0 440.96371732830806 256.1893830743187 39.56008088970496 349.4252423623685 92.84934033152847 231.2444593930847 108.89444430272832 44.204072210600685 342.56824137680945 311.8012187275733 215.7614423385235 323.4377838163006 38.8329756778952 126.81088281373961 254.01771591761076 132.015150645674 188.04520733057782 245.52189311749777 245.63590942694026 332.53721596236414 167.37084572887835 221.32555207205516 264.51843035977663 75.02666192761077 213.3377603707323 165.6804152578089 151.18200951171406 140.22838514366484 92.04890004774636 278.61442891566116 381.064299036265 234.07691043757393 150.08331019803634 283.45193596093145 86.33075929238663 220.6558406206371 269.89812893015767 77.62087348130012 311.7081968765018 283.0194339616981 415.03373356873055 217.55459085020476 55.97320787662612 245.246814454337 409.54242759450455 282.07268566807386 159.70284906663375 352.319457311117 234.71898091121648 249.57764322951687 298.2029510249689 175.13708916160505 214.61127649776466 221.72054483064937 162.74212730574712 62.80127387243033 341.34147125715623 148.49242404917499 332.2318467576521 181.0 312.23708940483033 296.31908477180474 370.34173407813495 399.6098096894019 297.20026917888214 280.04463929880893 250.2418829852429 284.82275190019493 295.3726459914662 136.12494260788506 324.172793429677 271.59712811441875 366.4123360368753 105.23307464861035 260.9674309181128 221.38202275704322 147.32277488562318 63.7808748764079 180.27756377319946 37.64306044943742 317.0567772497538 234.48027635602958 157.30543537970962 386.42981251451084 318.20905078265764 350.0185709358862 118.84864324004712 164.93938280471406 149.89329538041386 228.44911906155383 322.893171188243 386.15670394284234
448.2610846370673 432.46271515588484 107.29864864013899 501.7270174108626 299.1070042643602 392.577380907255 361.7070637961056 440.96371732830806 0.0 568.9376064209501 415.47322416733425 102.90286682109493 422.9349831829947 211.00947846009194 547.5262550782383 399.89123521277634 389.9743581314033 339.32432862970495 631.1972750258036 430.04302110370304 477.6703884479338 566.3532466579493 188.74321179846442 386.17224136387637 253.16002844051033 616.7738645565325 196.7739820199815 276.6839352040519 571.4840330227959 306.6463761403353 190.41270965983338 507.20410092979336 509.2150822589606 395.62229461950193 455.66325285236684 533.9222789882438 397.4720115932693 378.5828839237189 385.87692338360944 381.0052493076703 366.52148640973286 157.94302770302968 526.8491245128913 560.2017493724917 476.20583784745855 420.7089255055091 202.08166665979377 522.8852646613786 414.004830889689 322.6840560052511 494.79288596340996 600.0208329716561 98.73196037757987 196.4993638666548 358.73388465546435 179.0474797365213 644.9372062456933 664.934583248608 205.41178155110774 600.7495318350236 254.9215565620138 237.0590643700426 449.6087187766714 420.86221023037933 309.8596456462183 364.06180793925637 125.0959631642844 397.4166579296847 131.13733259449805 146.32156368765337 122.0 477.4149138851865 461.52464722915937 432.3563345204971 202.27703774773843 425.47032799009617 152.7612516314265 359.8847037594124 326.1426068455331 199.69977466186586 78.64477096412705 498.9919839035493 439.2413914921953 509.03536222938385 302.67639485100256 503.9890871834429 263.86549603917524 404.675178383849 322.4686031228467 588.8599154298074 469.55510858684096 400.9102143872116 169.38713056191725 127.88275880665071 541.6308706120802 601.2586797710284 496.7947262199952 227.1079038695043 293.58644382872995 221.27358631341428
223.14121089570165 475.716302012029 468.0779849554986 68.0294054067798 471.0679356525978 253.38705570727168 256.03515383634334 256.1893830743187 568.9376064209501 0.0 237.89913829183996 466.086901768329 186.01075237738274 379.5853000314949 223.4390297150433 284.96491012052695 257.1886467167631 272.3692346796899 163.8169710378018 207.78113485107352 261.45171638373307 230.5168106668145 419.9738087071621 384.7037821493311 362.83329505435415 84.02380615040002 412.3614918975825 333.2866633995426 135.2479205015737 262.7279962242319 447.24601731038365 283.6793965024601 60.41522986797286 175.86642658563346 405.2221612893352 131.24404748406687 345.1753177734468 218.27734651126764 296.3055855025349 486.6590182047385 399.1440842603082 437.53856972842976 255.76551761330143 41.036569057366385 119.77478866606278 199.12307751739877 375.53295461250804 82.29823813423954 311.8493225902535 458.24556735444804 230.32585612562042 57.0350769263968 496.9124671408436 478.06484915751753 215.08137994721903 411.83006204015754 157.68956845650888 177.36967046256808 502.46193885706407 181.79658962697843 424.1238026803023 338.14346067904376 125.96031120952345 318.69264189811474 315.92562415859845 396.79339712248236 443.8434408662586 435.7728766226737 444.6493000106938 452.76925690687085 458.373210386471 250.04999500099976 156.60459763365824 170.3936618539551 372.52919348689977 180.23595645708434 420.19281288475173 381.9960732782472 291.23358322830836 465.9291791678216 491.350180624776 154.5477272560163 151.09268678529745 59.90826320300064 358.25828671504587 235.54405108174564 369.68770604389863 259.97692205270835 289.03287010303865 54.57105459856901 409.2725253422223 290.93126335957777 403.00124069287926 525.7718136226018 177.5894140989265 218.32544515012444 106.88779163215975 421.7155439392767 314.61246002026047 409.4972527380373
32.802438933713454 242.39224410034245 308.4493475434824 183.412104289766 238.05251521460553 23.345235059857504 56.302753041036986 39.56008088970496 415.47322416733425 237.89913829183996 0.0 320.6321880285883 59.36328831862332 204.48227307030797 132.59336333316233 47.29693436154187 303.71368095625854 272.27375929384016 224.65974272218867 286.2044723619811 76.05918747922567 151.71684151734772 231.96982562393757 147.46185947559457 165.46903033498444 240.14995315427402 223.48601745970598 293.53705047233814 169.941166289984 182.21415971323415 247.07286374670934 113.35784048754634 189.1718795170149 128.00390619039717 180.8009955724802 136.95619737711763 108.78419002777932 239.82702099638396 341.8844834150857 248.9196657558418 161.24515496597098 259.6690201005888 118.87808881370864 206.00970850908945 237.40682382779144 43.56604182158393 275.94383486499567 254.9215565620138 376.11966180990856 222.50617968946392 81.15417426109393 235.55254190944322 377.9232726361265 268.9274995235705 120.16655108639841 316.9479452528443 241.81397809059757 259.0598386473673 288.0277764383151 188.43035848822237 204.39422692434343 189.04232330353963 132.09844813622905 87.36704184073076 301.86255150316344 158.91192529196795 302.33259830855155 199.32385707686876 285.1192732875138 273.38617375427015 338.1626827430845 362.98898054899684 262.45190035509364 243.74166652421167 219.58597405116748 248.0181444975347 266.5520587052368 144.2809758769326 284.6137733842127 257.70137756713683 339.2359061184414 98.97979591815695 225.5681715136247 196.3797341886377 135.05924625881784 91.4166286842826 161.64467204334326 22.090722034374522 277.5031531352392 224.18296099391677 188.73261509341728 347.48956818874433 284.6225570821821 332.66199061509866 129.18978287774928 185.80096878111266 131.38112497615478 213.01643129110957 283.59301824974466 348.69470887869807
353.1416146533852 379.6063750781854 30.23243291566195 398.82953752198443 253.00197627686626 298.41246622753545 265.32432983049256 349.4252423623685 102.90286682109493 466.086901768329 320.6321880285883 0.0 322.9133010577297 118.92854997854805 453.2240064250789 310.87618113969427 299.16717734403954 245.89835298350414 531.376514347407 334.9059569491113 387.36287896493127 472.3399199728941 112.04017136723775 315.35694062442957 166.388100536066 514.3471590278301 118.03812943282352 188.4489320744482 471.3013897709193 204.07106605298068 131.04197800704932 419.36261159049457 406.3213014352066 292.80027322391624 387.2182846922392 433.58274873431026 318.7804887379402 280.3711825420009 301.7018395701292 334.51158425381925 299.0066888883926 81.61494961096282 435.7533706123224 457.4111935665764 375.2932186970609 321.8089495337257 106.30145812734649 421.49495845146237 333.7319283496861 271.64682954159434 401.29415644885734 497.29267036625424 71.19691004531025 155.1934276958918 256.20499604808646 97.082439194738 544.4639565664563 564.8088172116296 176.67201249773547 502.6101869242206 191.7706964058899 136.12494260788506 346.87894141904894 337.86683767425296 222.5758297749331 296.0 22.360679774997898 337.6166465090251 41.012193308819754 78.74642849044012 50.20956084253277 389.0012853449202 362.7698995230999 333.13210592796366 102.20078277586722 326.7935127875093 54.120236510939236 288.3400769924292 235.05318547086316 151.92432326655268 26.68332812825267 399.50469333913964 338.60005906674024 406.1920727931553 222.10357943986403 411.0304125000971 181.6645259812713 312.18103722039234 230.2628932329306 486.17383722286 401.2443146014657 316.5217212135685 71.449282711585 121.49485585818027 443.95157393571657 505.5145893047994 394.8189458473339 160.01562423713506 203.00246303924493 152.50245899656832
65.29931086925804 301.09466949781756 316.0838496348714 126.69648771769484 285.0631508981826 68.8839603971781 72.12489168102785 92.84934033152847 422.9349831829947 186.01075237738274 59.36328831862332 322.9133010577297 0.0 215.5203006679417 147.8681845428556 105.19030373565806 253.87004549572208 229.0087334579186 208.47062143141417 231.39792566053828 120.30378215168466 166.59531806146293 250.49151682242655 204.62893246068603 186.9545399288287 203.1058837158589 242.21065211918324 260.76809620810593 148.55302083767936 151.79591562357663 272.35454833727306 156.5439235486322 133.00375934536586 75.61084578286372 240.05207768315609 111.01801655587259 167.0269439342048 190.0973434848578 293.7771264070775 304.6325655605454 216.34232133357543 274.0072991728505 149.9333185119305 158.8584275384847 178.21896644296868 15.811388300841896 259.8557292037257 196.0637651377735 326.266762021509 272.5307322119838 108.67382389517726 193.22784478433744 372.1746901657876 299.5363083167047 82.87339742040264 301.2308085173228 222.03152929257593 242.03305559365234 321.9254572102057 181.46625030566977 240.8422720371156 186.80738743422327 72.89718787443039 146.72763884149435 263.3723599772763 213.693706037403 302.51115681905026 256.90854403853524 292.0359566902678 288.80443209895515 331.68961394653286 307.02605752606735 204.41379601191306 187.40864441108366 220.98416232843476 192.4811679100062 270.3516228913746 198.28514820833152 243.50154003619772 287.6421387766403 344.62298240250897 76.84399781375251 168.12197952677099 139.48835076808385 173.27723451163456 119.5198728245642 189.61276328348785 79.62411694957753 237.0232056149777 181.53236626012455 247.69335881286764 297.8808486626826 275.4813968310746 355.735857062512 125.00399993600205 191.0026177831079 83.93449827097318 242.52834885843757 248.05039810490126 324.09875038327436
237.26145915424192 282.25697511310506 104.0096149401583 311.6809265899984 174.1551032843999 181.6645259812713 150.98675438593943 231.2444593930847 211.00947846009194 379.5853000314949 204.48227307030797 118.92854997854805 215.5203006679417 0.0 336.7194678066595 192.01041638411183 278.36127604248406 224.28999086004708 422.21440051234634 297.32473829131675 268.8382413273826 355.6416735985815 43.0 204.53361581901396 49.040799340956916 415.62603383330065 37.48332962798263 193.72403051764127 363.2478492709902 139.70325694127536 77.27871634544663 300.46796834271703 319.2882710028666 204.2841158778626 276.3222756130964 326.1564041989671 202.5561650505854 236.13555429032706 297.21372781215877 246.272207120495 191.65855055279948 58.83026432033091 317.52952618614853 363.5945544146667 310.0919218554395 211.56795598577776 123.17467272130257 351.33175205210244 334.2828143952363 184.1738309315414 284.1918366174511 401.9203901271992 183.99184764548673 114.00438588054409 164.7573974060042 152.16109883935513 436.90845723103143 456.2817112267376 142.36923825040296 390.31397617815327 102.17631819555841 49.8196748283246 254.34818654749634 219.65882636488797 222.50393254951697 188.29763673503712 103.94229168149026 235.5949914577982 81.00617260431454 73.92563831310488 148.08443537387717 366.8378388334551 309.2733418838423 279.45840477609545 36.61966684720111 276.1340254296815 65.73431371817918 177.9100896520487 222.4275162833951 102.88342918079665 135.20355024924456 290.08274681545606 277.0884335370208 321.29737004837125 107.0420478129973 293.6153946917634 67.60177512462228 194.36306233438492 215.17667159801502 390.3600901731631 290.1671931835162 309.9580616793182 108.52188719332152 146.4547711752676 331.0422933704997 390.2524823751926 294.3637205907005 74.65252842335616 198.33809518093088 204.88289338058462
100.18482919085105 289.691214916849 440.72894164100455 203.94361965994426 337.6536687198882 155.08062419270823 188.27904822364064 108.89444430272832 547.5262550782383 223.4390297150433 132.59336333316233 453.2240064250789 147.8681845428556 336.7194678066595 0.0 152.8397853963424 391.2556708854199 373.5906851087163 120.50311199301038 359.30210130195456 79.25906888173743 19.313207915827967 362.01243072579706 223.4323163734378 295.6568957423452 178.7316424139833 353.57743140647426 408.58903558465687 94.42986815621421 299.4010688023675 373.39523296367884 75.02666192761077 205.24375751773792 218.2292372712694 211.11608181282637 93.43446901438462 186.9786084021378 329.5147948120084 432.7262414044242 319.0015673942685 245.1550529766825 390.80046059338264 40.01249804748511 182.45273360517237 284.8876971720611 141.01418368376991 403.63349712331853 279.46019394539894 462.0876540224809 315.9810120877519 53.150729063673246 189.65231345807516 509.7224735088693 390.59057848340376 230.70543990118657 445.02696547512716 141.35416513141735 151.21177202850313 405.8238534142615 75.66372975210778 322.6701101744629 320.78965070587924 186.5502613238588 154.30489298787643 410.0048780197621 244.49948875202173 434.82410236784256 263.46346995361614 417.5380222207314 404.0606390135025 469.7030977117353 428.07709586007985 320.3903868720159 312.77627787285917 352.0127838587684 320.2030605725061 399.1453369388148 235.23605165875404 389.15549591390845 380.26964117583725 471.6990566028302 88.54377448471462 290.29984498790213 214.67184258770408 256.11325619733157 45.45327270945405 288.91867367825154 143.22360140703069 383.0469945058961 181.96977771047588 210.11663427725088 434.6331786690933 415.21681083501426 458.9128457561414 45.967379738244816 56.4003546088143 140.8900280360537 337.3262515725688 395.55783395099127 471.28865889176666
67.68308503607086 195.92090240706835 294.7303852676205 230.5666931714119 195.24855953373896 39.6232255123179 69.46221994724903 44.204072210600685 399.89123521277634 284.96491012052695 47.29693436154187 310.87618113969427 105.19030373565806 192.01041638411183 152.8397853963424 0.0 336.70313333855387 300.0833217624732 258.9382165691268 324.1635389737717 77.93587107359485 170.42593699317015 211.91743675309024 100.16985574512923 146.76852523616907 283.28254446753334 203.62956563328422 312.385979198811 208.39625716408634 203.35437049643167 220.90722034374522 108.50345616615168 236.40008460235373 166.97305171793442 138.6001443000692 178.46568297574746 61.84658438426491 273.64941074301623 372.8645866799367 201.71762441591463 114.35471131527551 242.00206610688264 127.31457104353767 252.33509466580347 281.55461281960913 89.69392398596462 282.0638225650358 301.2540456159884 408.4176783637065 177.9100896520487 100.12492197250393 280.4567702873297 373.36443322844775 237.89283301520456 150.60212481900777 321.6224494652076 277.49774773860776 292.95904150580503 254.0649523251879 219.0091322296858 170.42300314218147 188.40912929048847 178.03651310896873 45.803929962395145 325.17072438951203 112.16059914247963 294.72699231661835 152.12166183683374 272.6206155080719 254.40322325002094 334.970147923662 401.75863400803223 304.38462510448846 283.6987839240768 214.1611542740653 287.0853531617383 257.1633721975196 98.02040603874276 310.40940707394805 227.46648104720836 326.58842600435185 141.4213562373095 266.9569253643741 243.51591323771842 103.27632836231156 107.48953437428223 137.41178988718545 25.632011235952593 302.92738403782516 269.2675249635574 148.07092894960846 379.80258029665885 284.96491012052695 306.2433672751134 161.8919392681427 209.0287061625747 178.24140933015536 184.55622449540954 304.89670381950674 359.8013340720126
318.8510624100224 514.7737367038065 316.3558123379433 213.56497840235883 441.29015398034886 298.28342226815084 268.80476186258306 342.56824137680945 389.9743581314033 257.1886467167631 303.71368095625854 299.16717734403954 253.87004549572208 278.36127604248406 391.2556708854199 336.70313333855387 0.0 55.10898293381942 397.5550276376844 52.009614495783374 373.84622507121827 407.7106817339963 318.76009787926716 416.75052489469044 298.0771712157776 336.1220016601115 315.08728949292765 113.35784048754634 345.1753177734468 148.8086019019062 354.5151618760473 410.39493174258376 217.70622407271685 178.27226368675525 473.2071428032337 315.22848856028224 389.8102102305685 63.97655820689325 42.01190307520001 496.9557324349926 417.2792829748441 317.0520462006199 401.8084120572888 274.79810770818636 137.41906709041507 267.0805122055894 193.01036241611484 179.98055450520204 72.49827584156743 443.0406301909566 361.1592446553182 310.26601489689455 296.97811367169805 391.515006098106 186.10212250267324 211.0213259365034 399.4896744598038 421.37156999493925 419.9738087071621 394.0 371.51715976519847 229.67150454507848 205.65018842685265 382.47222121351507 81.27115109311545 413.75959203382826 279.0 465.29560496527364 299.60807732769825 329.4753405036559 267.9776110050987 90.6697303403953 102.08329931972223 88.29496021857646 248.65236777477105 78.64477096412705 276.6224864323217 398.1318876955223 64.19501538281614 380.87268213932066 325.3936078044558 303.65934861288235 110.47624178980746 210.85777196963835 335.1492204973779 371.6517186829626 316.8359196808342 316.24357700987383 69.00724599634447 303.29523570277195 483.84501650838564 44.01136216933077 228.00877176108818 403.33856745915085 354.4968265020154 419.07517225433435 259.19297829995315 350.27132340515686 96.62815324738438 181.13530854032848
291.79616172938256 469.7967645695317 262.03053257206494 218.10318658836692 389.9794866400026 263.4008352302627 230.7834482799839 311.8012187275733 339.32432862970495 272.3692346796899 272.27375929384016 245.89835298350414 229.0087334579186 224.28999086004708 373.5906851087163 300.0833217624732 55.10898293381942 0.0 396.55642725846724 91.0823802938856 345.9132839311032 391.2505591050318 264.1685068285014 373.2773767588923 246.59480935331953 344.89563638874876 260.71632093139084 66.37017402418047 340.2660723610275 101.41498903022176 299.9766657591887 383.2192583887193 223.70739817896055 155.3898323572041 433.3358974283114 306.88760157425713 349.21197001248396 54.20332093147061 76.38062581571324 448.8073083183918 371.87766805765574 261.9637379485947 378.9419480606495 282.3065709472594 156.54072952429985 240.26027553467927 139.60659010233005 203.66639388961548 113.95174417269794 393.10303992719264 337.6758800980609 320.67740799750766 249.2087478400387 336.964389809962 152.10851389715174 161.5951731952412 401.35894159716935 423.49144029130036 365.41072781186926 386.78805565839286 319.3775195595332 176.23847480048164 195.020511741714 345.3056616969956 43.56604182158393 368.30693721405794 225.26872841120226 420.12974186553373 244.8182999695897 274.3665431498527 217.59825366946308 145.67086187704115 130.0 105.3612832116238 193.84787850270635 96.20810776644555 221.65062598603234 353.0580688781946 18.867962264113206 326.4613300224086 272.3416971379888 289.0847626562147 121.60592090848209 218.69156362329116 287.17242207426534 348.52833457267144 266.00751869073173 281.9237485562364 18.027756377319946 312.18103722039234 444.7032718566393 87.20091742636656 174.4849563716024 348.3231258472512 341.2110783664563 407.7070026379238 251.87298386289865 297.00673393039426 47.41307836451879 141.35416513141735
193.7937047481161 410.173134176289 524.1383405170815 184.39088914585776 451.81522772035913 247.7357463104588 272.15069355046666 215.7614423385235 631.1972750258036 163.8169710378018 224.65974272218867 531.376514347407 208.47062143141417 422.21440051234634 120.50311199301038 258.9382165691268 397.5550276376844 396.55642725846724 0.0 354.2386201418473 195.5019181491578 113.21660655575224 454.1563607393383 341.08796519373124 388.25249516261965 86.53323061113575 445.70169396133105 446.1614057714988 60.4648658313239 348.5312037680414 471.4244372113096 195.4328529188478 181.06904760339356 254.04920783186867 331.48906467634794 98.22932352408826 302.98844862469593 344.6055716322648 439.2095172010734 438.7311249501225 361.87290586613415 479.88748681331543 160.31219541881399 129.55307792561317 267.0468123756582 210.71782079359116 462.8747130703945 241.85326129701042 461.24397015028825 431.6769625541766 163.17475294910057 110.02272492535349 578.9525023695812 493.4713770828051 281.9645367772337 503.5871324805669 21.02379604162864 34.40930106817051 511.78901903030317 45.0111097397076 427.93106921559223 395.2581434961208 203.7694775966214 270.4902955745363 438.32065887886233 360.855926929294 510.88256967722043 383.2623122614589 500.14497898109505 494.29141202331243 538.4811974433277 408.4862298780707 306.04084694693944 310.0096772683072 429.4391691497179 319.3195891266303 478.75881192934713 350.1271197722336 414.58533500354304 482.32146956153633 553.0108498031481 132.24598292575845 287.2716484444645 189.0 358.949857222426 160.0781059358212 386.0634662850138 242.15697388264496 410.16094402075873 109.4440496326776 330.0242415338607 436.9633851937711 481.80701530799655 556.8051723897687 97.04638066409278 78.44743462982075 146.70037491431302 437.67567901358194 429.78715662523 517.6292109222585
296.52150006365474 511.0234828263766 348.9699127432048 170.00294115102832 450.0711054933431 284.682279041039 259.7864507629295 323.4377838163006 430.04302110370304 207.78113485107352 286.2044723619811 334.9059569491113 231.39792566053828 297.32473829131675 359.30210130195456 324.1635389737717 52.009614495783374 91.0823802938856 354.2386201418473 0.0 351.2719744016024 374.59444736941845 339.52466773417217 411.7669243637716 309.2264542370203 288.5220962075522 334.7730574583325 156.66843970627906 304.7244657063164 159.10059710761615 374.5851038148741 386.5294296686864 173.18487231857176 158.22136391777187 462.6229566288296 277.5103601669675 381.24139334547607 61.40032573203501 88.60022573334675 498.70632640863903 415.20236030157633 342.31710445141357 374.09223461601016 228.39658491317246 88.84255736976509 246.0101623917191 229.0720410700529 128.80993750483694 107.01868995647442 448.7694285487816 334.6236692166291 262.1945842308723 340.2425605358624 411.3064550915777 176.69465187152667 252.67568145747623 354.63361374804845 376.24061450088027 439.610054480104 354.44745731913497 383.105729531679 247.52373623553763 173.0115603073968 369.7188120720935 127.94530081249565 411.80820778610035 313.6909306945293 462.299686350748 330.15148038438355 355.81034273893727 308.5206638136253 77.89736837660179 51.264022471905186 46.57252408878007 271.773803005367 39.395431207184416 306.01470552899906 395.80045477487766 106.45186705737011 400.0262491387284 361.52178357603844 270.78035379251577 69.42621983083913 165.51132891738862 338.61482542853906 344.61572802180694 326.165602110339 301.53772566629203 108.63240768757728 255.93163149560078 472.2171110834507 83.54639429682169 263.53178176455305 431.3757063164313 319.68265514412883 382.06413074247104 222.00900882621858 365.32861919099633 138.15932831336434 228.96506283710622
55.036351623268054 220.81893034792103 372.13438432910226 222.00225224082752 258.49564793241683 93.05912099305473 129.98846102635417 38.8329756778952 477.6703884479338 261.45171638373307 76.05918747922567 387.36287896493127 120.30378215168466 268.8382413273826 79.25906888173743 77.93587107359485 373.84622507121827 345.9132839311032 195.5019181491578 351.2719744016024 0.0 95.0 289.8499611868182 145.60219778561037 224.51057881534223 238.01890681204299 281.55461281960913 369.47665690811914 155.0 258.11818998280614 298.197920851236 37.48332962798263 225.86943130932968 195.65786465153911 145.5609837834301 135.36617007214173 108.07867504739313 309.932250661334 413.27230732290786 244.10653411983876 166.68833192518306 319.845275094068 49.4064773081425 223.0807028857494 291.0755915565577 106.77546534667971 350.44257732187737 298.61011369342464 446.314911245412 237.15395843207003 34.0147027033899 242.01239637671455 448.09485602939026 313.31294259892934 194.3733520830466 391.10740212887816 215.64090521049107 228.01096464863264 327.5255715207593 152.10851389715174 244.92039523077696 260.4995201531089 183.86136081297778 75.39230729988306 377.0013262576141 165.8493292117879 370.4726710568541 188.95766721676048 349.7313254485506 332.3266465392145 409.0 426.0187789288167 321.2039850313193 306.5566831762113 288.7299776607895 312.1281787983905 333.3901618224509 156.1089363233252 359.02646142032484 303.349633261687 403.8341243629617 106.92988356862641 286.2516375499012 234.61031520374377 180.05554698481245 35.4400902933387 215.29514625276622 76.40026177965623 352.08095659947304 232.13142829009604 148.3138563991915 417.8468619003857 357.0224082603219 383.172285010281 102.23991392797629 135.36986370680884 159.22311389996113 261.4287665885298 359.2213802100315 424.42549405048703
