10
252 20
395 130
225 208
8 139
162 195
109 477
114 116
64 432
144 179
351 387
0.0 180.41341413542398 189.92893407798613 271.4719138327205 196.78668654154427 478.8507074235142 168.1071087134628 452.86642622300894 192.21082175569617 380.1184026063458
180.41341413542398 0.0 187.040102651811 387.1046370169182 241.89667215569543 449.67210275933286 281.3485382936972 448.06807518501023 255.7381473304286 260.7393334347543
189.92893407798613 187.040102651811 0.0 227.705950734714 64.32728814430156 292.9453874018159 144.1700384962146 275.8568469333324 86.03487664894976 218.89952032839176
271.4719138327205 387.1046370169182 227.705950734714 0.0 163.86579875007476 352.7676289003854 108.4665847162157 298.30353668704635 141.7603611733548 423.26469259790616
196.78668654154427 241.89667215569543 64.32728814430156 163.86579875007476 0.0 286.93727537564723 92.43916918709297 256.46247288833507 24.08318915758459 269.4160351575236
478.8507074235142 449.67210275933286 292.9453874018159 352.7676289003854 286.93727537564723 0.0 361.03462437832746 63.63961030678928 300.048329440442 258.1937257177254
168.1071087134628 281.3485382936972 144.1700384962146 108.4665847162157 92.43916918709297 361.03462437832746 0.0 319.931242613159 69.77822009767804 360.0138886209808
452.86642622300894 448.06807518501023 275.8568469333324 298.30353668704635 256.46247288833507 63.63961030678928 319.931242613159 0.0 265.34694269955327 290.5064543172836
192.21082175569617 255.7381473304286 86.03487664894976 141.7603611733548 24.08318915758459 300.048329440442 69.77822009767804 265.34694269955327 0.0 293.4501661270615
380.1184026063458 260.7393334347543 218.89952032839176 423.26469259790616 269.4160351575236 258.1937257177254 360.0138886209808 290.5064543172836 293.4501661270615 0.0
