20
149 446
254 275
407 110
169 222
207 137
424 61
380 226
132 228
395 391
184 70
373 411
155 158
367 80
482 378
465 132
81 35
248 230
208 302
366 144
250 424
0.0 200.66389809828772 423.6271945944925 224.89108474992955 314.39624679693617 473.12788968734446 319.0 218.66183937761065 252.07340200822458 377.62547583551617 226.71788636982305 288.0624932197873 426.00469480981076 339.8720347424895 445.47951692530154 416.58732577936166 237.60681808399355 155.6181223379848 371.87766805765574 103.36827366266692
200.66389809828772 0.0 225.01999911119012 100.16985574512923 145.7840869230932 273.30568965903365 135.19245541079576 130.74020039758238 182.58422713914803 216.6217902243447 180.71247881648904 153.26447729333762 225.37524265100637 250.185930859431 254.8921340488953 295.8530040408581 45.39823785126467 53.33854141237835 172.35138525698017 149.05368160498418
423.6271945944925 225.01999911119012 0.0 263.0361191927831 201.8142710513803 51.86520991955976 119.10079764636339 299.24738929521175 281.2561110447202 226.55904307707516 302.914179265349 256.5306999171834 50.0 278.29660436304283 62.03224967708329 334.51606837340415 199.20090361240835 276.52305509667724 53.2634959423431 351.062672467467
224.89108474992955 100.16985574512923 263.0361191927831 0.0 93.1074647920348 301.57254516948325 211.03791128610044 37.48332962798263 282.20028348674634 152.73833834371774 278.09530740377477 65.5133574166368 243.6554944999189 349.72131762304684 309.38002521171273 206.6712365086153 79.40403012442127 89.0 211.87968283910564 217.63501556505102
314.39624679693617 145.7840869230932 201.8142710513803 93.1074647920348 0.0 229.92390045404153 194.5507645834372 117.92370414806346 316.0063290505429 70.83784299369935 320.36229490999716 56.08029957123981 169.84993376507393 365.65831044842946 258.0484450641003 162.11107303327555 101.6366075781753 165.00303027520434 159.15401345866212 290.20337696174386
473.12788968734446 273.30568965903365 51.86520991955976 301.57254516948325 229.92390045404153 0.0 170.76592165886026 336.38222307369335 331.27179173603054 240.16869071550522 353.696197321939 285.9545418418809 60.08327554319921 322.2623155133098 81.98780397107853 343.98401125633734 244.00204917172314 323.6309626719916 101.25709851659784 402.54813376787627
319.0 135.19245541079576 119.10079764636339 211.03791128610044 194.5507645834372 170.76592165886026 0.0 248.0080643850115 165.6804152578089 250.50349298961882 185.13238506539042 235.0510582830888 146.57762448614045 183.05190520723897 126.73200069437868 354.79853438254224 132.06059215375342 188.04254837669055 83.18653737234169 236.86282950264695
218.66183937761065 130.74020039758238 299.24738929521175 37.48332962798263 117.92370414806346 336.38222307369335 248.0080643850115 0.0 309.4155781469317 166.33700730745397 302.60535355475787 73.68174807915459 277.72108310317384 380.7886552931954 346.5616828213991 199.6246477767713 116.01724009818541 106.07544484940895 248.62019226120793 228.77936969928035
252.07340200822458 182.58422713914803 281.2561110447202 282.20028348674634 316.0063290505429 331.27179173603054 165.6804152578089 309.4155781469317 0.0 384.1379960378822 29.732137494637012 334.4981315343929 312.2579062249665 87.96590248499699 268.2927505543152 474.6914787522523 218.01376103356412 207.09901013766338 248.69660230891776 148.70776711389354
377.62547583551617 216.6217902243447 226.55904307707516 152.73833834371774 70.83784299369935 240.16869071550522 250.50349298961882 166.33700730745397 384.1379960378822 0.0 389.8743387298015 92.65527507918802 183.273020382161 428.56504757154426 287.75857936819193 108.78419002777932 172.32527382830412 233.23807579381202 196.468827043885 360.0999861149678
226.71788636982305 180.71247881648904 302.914179265349 278.09530740377477 320.36229490999716 353.696197321939 185.13238506539042 302.60535355475787 29.732137494637012 389.8743387298015 0.0 333.965567087387 331.05437619823124 113.8859078200635 293.7771264070775 476.0672221441001 219.9681795169474 197.75237040298657 267.09174453734056 123.68508398347798
288.0624932197873 153.26447729333762 256.5306999171834 65.5133574166368 56.08029957123981 285.9545418418809 235.0510582830888 73.68174807915459 334.4981315343929 92.65527507918802 333.965567087387 0.0 225.89378034819816 394.11800263372896 311.08841187032345 143.54441821262157 117.61377470347595 153.44380078712857 211.463944917331 282.4553061990516
426.00469480981076 225.37524265100637 50.0 243.6554944999189 169.84993376507393 60.08327554319921 146.57762448614045 277.72108310317384 312.2579062249665 183.273020382161 331.05437619823124 225.89378034819816 0.0 319.41978648793815 110.9414259868693 289.5185658986311 191.47062437878037 273.0659261057666 64.00781202322104 363.35244598048325
339.8720347424895 250.185930859431 278.29660436304283 349.72131762304684 365.65831044842946 322.2623155133098 183.05190520723897 380.7886552931954 87.96590248499699 428.56504757154426 113.8859078200635 394.11800263372896 319.41978648793815 0.0 246.5866987491418 527.683617331446 276.87542325024083 284.3448610402516 261.1742713208941 236.51638421048128
445.47951692530154 254.8921340488953 62.03224967708329 309.38002521171273 258.0484450641003 81.98780397107853 126.73200069437868 346.5616828213991 268.2927505543152 287.75857936819193 293.7771264070775 311.08841187032345 110.9414259868693 246.5866987491418 0.0 396.06186385462564 238.10291892372928 308.1379561170613 99.72462083156798 362.61411996776957
416.58732577936166 295.8530040408581 334.51606837340415 206.6712365086153 162.11107303327555 343.98401125633734 354.79853438254224 199.6246477767713 474.6914787522523 108.78419002777932 476.0672221441001 143.54441821262157 289.5185658986311 527.683617331446 396.06186385462564 0.0 256.7372197403407 295.6653513687392 305.1327579923205 424.12498157972254
237.60681808399355 45.39823785126467 199.20090361240835 79.40403012442127 101.6366075781753 244.00204917172314 132.06059215375342 116.01724009818541 218.01376103356412 172.32527382830412 219.9681795169474 117.61377470347595 191.47062437878037 276.87542325024083 238.10291892372928 256.7372197403407 0.0 82.365041127896 146.01369798755184 194.0103090044444
155.6181223379848 53.33854141237835 276.52305509667724 89.0 165.00303027520434 323.6309626719916 188.04254837669055 106.07544484940895 207.09901013766338 233.23807579381202 197.75237040298657 153.44380078712857 273.0659261057666 284.3448610402516 308.1379561170613 295.6653513687392 82.365041127896 0.0 223.44574285494903 129.0271289303145
371.87766805765574 172.35138525698017 53.2634959423431 211.87968283910564 159.15401345866212 101.25709851659784 83.18653737234169 248.62019226120793 248.69660230891776 196.468827043885 267.09174453734056 211.463944917331 64.00781202322104 261.1742713208941 99.72462083156798 305.1327579923205 146.01369798755184 223.44574285494903 0.0 303.07754783223385
103.36827366266692 149.05368160498418 351.062672467467 217.63501556505102 290.20337696174386 402.54813376787627 236.86282950264695 228.77936969928035 148.70776711389354 360.0999861149678 123.68508398347798 282.4553061990516 363.35244598048325 236.51638421048128 362.61411996776957 424.12498157972254 194.0103090044444 129.0271289303145 303.07754783223385 0.0
