51
30
250 250
327 57
12 379
140 125
114 71
377 52
346 379
456 279
44 302
216 16
15 47
111 119
258 308
13 287
101 366
332 359
279 214
112 229
301 142
414 445
3 388
412 81
357 216
174 142
79 110
490 390
172 52
47 194
49 183
433 176
309 135
413 22
373 235
274 63
498 472
193 40
282 150
424 321
316 453
441 185
295 98
360 35
23 338
116 395
148 40
437 119
443 51
194 142
232 325
427 186
83 189
0 2 1 3 2 3 3 3 1 3 3 1 3 3 1 1 2 2 2 3 3 3 1 3 2 1 1 1 2 2 2 1 1 3 3 2 1 3 2 2 3 2 1 2 1 1 3 3 3 2 3
0.0 207.79316639389276 270.7120241141867 166.50825805346713 224.8043593883357 235.22967499871268 160.80111939908875 208.03124765284662 212.46176126540982 236.4571842850202 310.5382424114621 191.0026177831079 58.54912467321779 239.87079855622275 188.83061192507955 136.40014662748717 46.22769732530488 139.5886814895821 119.4361754243663 254.7959968288356 282.936388610585 234.10467744152402 112.27199116431488 132.06059215375342 221.0 277.8488797889961 212.8097742116184 210.58252539087852 211.8726032312814 197.39554199626699 129.25169244539896 280.2730811191114 123.9112585683803 188.53381659532593 332.84831380074615 217.59825366946308 104.9952379872535 187.92817777012579 213.45959805077868 201.75727991822254 158.52129194527782 241.50569351466643 243.46046907044274 197.43606560099397 233.46091750012462 228.31995094603536 277.2183255125822 121.6552506059644 77.12976079309465 188.2153022471871 177.79201331893398
207.79316639389276 0.0 450.45421520949276 198.97989848223364 213.45959805077868 50.24937810560445 322.56007192459515 256.7586415293554 374.31804658605495 118.33004690272035 312.1602152741441 224.72205054244233 260.3113520382851 389.22487073669896 382.8276374558138 302.0413878924542 164.17368851311102 275.3343422096125 88.88756943465155 397.63425405767043 463.1813899543029 88.32326986700618 161.8054387219416 175.025712396779 253.60007886434104 370.75328724098995 155.08062419270823 311.7194251245822 305.2212312405544 159.3643623900902 80.049984384758 92.84934033152847 183.84776310850236 53.33854141237835 448.84964074843595 135.07405376311175 103.31505214633539 281.2561110447202 396.15274831812036 171.40595088852663 52.009614495783374 39.66106403010388 413.9770525041213 398.45325949225213 179.8054504179448 126.26955294131677 116.15506876585283 157.84169284444462 284.33958570695006 163.22070947033652 277.41665415039523
270.7120241141867 450.45421520949276 0.0 284.42925306655786 324.4503043610839 490.0550989429658 334.0 455.1219616762083 83.38465086573187 416.39524492962215 332.01355394019686 278.2103520719529 256.04101233982027 92.00543462209176 89.94442728707543 320.62439083762797 313.86939959161356 180.27756377319946 373.75125417849773 407.3818847224309 12.727922061357855 498.8025661521801 381.5678183495039 287.07664481806944 277.2183255125822 478.12655228506185 364.04532684818247 188.2817038376273 199.46177578674065 467.38634982207174 384.37611788455325 536.8891878218446 388.66052024871266 410.48751503547584 494.8181484141421 384.29415816533043 354.0353089735542 416.06249530569323 312.87697262662203 470.82587014734014 398.81073205218536 489.3260671576776 42.44997055358225 105.22357150372724 365.2629190049272 498.2218381404011 541.6133307074338 298.8193434167206 226.53035116734358 457.68329661459137 202.8324431643025
166.50825805346713 198.97989848223364 284.42925306655786 0.0 59.93329625508679 247.98790293076797 327.0351663047875 351.52809276073515 201.357890334598 132.87964479181903 147.33974345029924 29.614185789921695 217.74526401279087 205.84703058339218 244.13520843991347 302.6879581351065 165.05150711217394 107.70329614269008 161.89502771858065 421.2790049361587 296.5434200922354 275.5358415887124 235.30830839560255 38.01315561749642 62.81719509815764 439.00455578501686 79.7057087039567 115.80155439371269 107.91200118615167 297.40544715926103 169.29559947027565 291.78416680827627 257.6606295109907 147.648230602334 498.57095783850065 100.16985574512923 144.183910336764 345.0681092190352 372.23648397221893 306.9218141481638 157.33403954643762 237.69728648009425 243.01851781294363 271.0645679538364 85.37564055396598 297.0605998782067 311.9054343867705 56.61271941887264 220.14540649307222 293.4109745732085 85.70297544426332
224.8043593883357 213.45959805077868 324.4503043610839 59.93329625508679 0.0 263.68541863364385 385.6008298746257 400.2848985410267 241.37315509393335 115.88356225108029 101.86756107809786 48.093658625644196 277.31750756127894 238.447059113758 295.28630174798155 361.20354372569494 218.3437656540713 158.01265772082945 200.02499843769527 479.4538559653056 335.87199942835366 298.1677380267691 282.9734969922095 92.9569792968769 52.40229002629561 493.08924141579075 61.032778078668514 140.06427096158393 129.49517365523704 335.83626963149766 205.23401277566055 302.98844862469593 306.5566831762113 160.1998751560063 555.2089696681782 84.86459803710851 185.64751546950473 398.24615503479754 432.12035360533525 346.30189141845585 183.0027322200409 248.62019226120793 282.0815484926301 324.0061727807049 46.010868281309364 326.54708695684303 329.607342151233 106.96261028976434 280.07141946296485 333.45764348714516 122.00409829181969
235.22967499871268 50.24937810560445 490.0550989429658 247.98790293076797 263.68541863364385 0.0 328.4661321963042 240.35390573069537 416.4000480307369 164.97575579460153 362.03452874000845 274.3082208028042 282.3065709472594 433.26781555984513 418.0574123251494 310.28051824115545 189.33568073662187 318.67538342332 117.79643458101778 394.7378877179134 502.76435832306174 45.45327270945405 165.21501142450705 222.05629916757596 303.59183124715327 356.38883259720694 205.0 359.25478424093393 353.1925820285585 136.0588108135596 107.29864864013899 46.861498055439924 183.04371062672436 103.58571330062848 437.0823720993561 184.39088914585776 136.48809471891678 273.0750812505601 405.6131161587357 147.59742545180114 94.02127418834527 24.041630560342615 455.095594353538 431.010440708807 229.31419493786248 89.9388681271896 66.007575322837 203.93381279228808 309.118100408242 143.024473430249 324.35320254315354
160.80111939908875 322.56007192459515 334.0 327.0351663047875 385.6008298746257 328.4661321963042 0.0 148.66068747318505 311.66167553935793 385.5761922110856 468.81232918941026 350.46397817750113 113.07077429645558 345.4750352775147 245.34465553584002 24.413111231467404 178.08424972467387 277.94963572561124 241.2343259156955 94.76286192385707 343.1180554852805 305.2212312405544 163.37074401495514 292.8361316504505 379.0118731649445 144.4195277654653 370.4119328531412 351.6048918886084 355.8440669731617 220.85742007005334 246.78938388836744 363.23270777836075 146.50938536489735 324.09875038327436 178.1937148162078 371.9274122728789 237.77510382712484 97.20082304178294 79.84985911070852 216.01157376399996 285.5906160923359 344.28476585524373 325.59176893772974 230.5558500667463 392.587569849072 275.4650613054222 342.04239503313033 281.55461281960913 126.14277624977183 209.3083849252103 324.45184542548066
208.03124765284662 256.7586415293554 455.1219616762083 351.52809276073515 400.2848985410267 240.35390573069537 148.66068747318505 0.0 412.6414908852477 356.046345297912 498.30211719397704 380.2959373961284 200.11246837716035 443.0722288747062 365.5051299229602 147.56693396557372 188.55768348173987 347.6147292621531 206.86710710018642 171.23083834403195 465.9291791678216 202.82997806044352 117.34564329364768 313.517144666763 413.14646313383827 116.09048195265622 363.572551219148 417.73915306085445 418.1686262741384 105.53672346628922 205.7790076757102 260.5724467398654 93.94147114027967 282.4535360019414 197.51708786836647 355.37304343464206 216.60332407421637 52.80151512977634 223.32935319836486 95.1892851112981 242.24367896810023 262.20602586515815 437.00114416326187 359.2436499090833 389.85253622363416 161.1241757155021 228.3703133071372 295.6568957423452 228.67444107289296 97.41663102366043 383.7043132413291
212.46176126540982 374.31804658605495 83.38465086573187 201.357890334598 241.37315509393335 416.4000480307369 311.66167553935793 412.6414908852477 0.0 333.73642294481436 256.64372191814863 194.87944991712183 214.0840956259946 34.438350715445125 85.70297544426332 293.58644382872995 250.9362468835461 99.76472322419383 302.7358584641073 396.6724089220222 95.2732911156112 429.26099287030496 324.59975354272837 206.15528128088303 195.1640335717624 454.5987241513113 280.8629559055448 108.04165863221463 119.10499569707393 408.89729761885195 313.23154374998694 463.2072970064267 335.75288531895 331.6941362158819 484.7844882006849 301.4050430898594 282.39688383549844 380.4747034955149 311.1028768751585 413.8816255887666 323.44551318576055 413.69674883905 41.677331968349414 117.61377470347595 281.8865019826242 433.5181657093506 471.3830713973509 219.31712199461307 189.40168953839878 400.1812089541437 119.54078801814885
236.4571842850202 118.33004690272035 416.39524492962215 132.87964479181903 115.88356225108029 164.97575579460153 385.5761922110856 356.046345297912 333.73642294481436 0.0 203.37649815059754 147.08500943332058 295.00508470194205 338.60005906674024 368.4087403957729 362.0842443410097 207.78113485107352 237.03375287076733 151.99013125857877 472.4880950881197 428.66420424383466 206.49697334343668 244.70594598415462 132.81566172707193 166.14752480852673 463.62916215440976 56.85068161420758 245.44856895080892 236.17366491630688 269.60897611170145 151.02979838429235 197.0913493789111 269.462427807663 74.65252842335616 536.1529632483625 33.24154027718932 149.37201879870273 369.173400992 448.2956613664692 281.40007107319644 113.86395390991831 145.24806367039804 375.41044204976504 391.97066216746373 72.11102550927978 243.82370680473218 229.68238939892626 127.90621564255585 309.4139621930465 270.96309711840837 218.21548982599745
310.5382424114621 312.1602152741441 332.01355394019686 147.33974345029924 101.86756107809786 362.03452874000845 468.81232918941026 498.30211719397704 256.64372191814863 203.37649815059754 0.0 120.0 356.6090296108611 240.00833318866242 330.3891644712338 444.7842173458946 312.385979198811 206.23530250662714 301.3652269257354 563.5645482107617 341.2110783664563 398.45325949225213 381.4773912042495 185.21878954360974 89.80534505250787 585.8958951895806 157.07959765672945 150.44268011438774 140.18559127100045 437.4528546026417 306.88760157425713 398.78440290462714 404.36122464944634 259.4937378820537 643.361484703584 178.13758727455584 286.1782661209617 492.29767417691505 505.40775617317155 447.794595769087 284.6067462306542 345.20863256876993 291.10994486619654 362.36031791574527 133.18408313308313 428.0981195940949 428.01869118065395 202.64747716169575 352.6655639554279 434.81605306152164 157.4420528321452
191.0026177831079 224.72205054244233 278.2103520719529 29.614185789921695 48.093658625644196 274.3082208028042 350.46397817750113 380.2959373961284 194.87944991712183 147.08500943332058 120.0 0.0 239.43683927081898 194.49421585229726 247.2023462671825 326.2529693351464 193.0 110.00454536063498 191.38704240360684 445.06741062450305 289.8706608127149 303.3891889965758 264.43335644354704 67.06713054842886 33.24154027718932 465.92059409302783 90.60905032059435 98.59513172565875 89.10667763978185 327.00611615075337 198.6454127333425 317.19552329753964 286.53097563788805 172.35138525698017 523.8110346298558 113.86395390991831 173.78722622793657 372.52248254300036 391.89411835341446 336.5352878971238 185.1944923587092 262.78698597913865 236.01906702637396 276.04528613979267 87.23531395025755 326.0 338.89231327960215 86.1278120005379 238.90793205751876 323.02476685232665 75.39230729988306
58.54912467321779 260.3113520382851 256.04101233982027 217.74526401279087 277.31750756127894 282.3065709472594 113.07077429645558 200.11246837716035 214.0840956259946 295.00508470194205 356.6090296108611 239.43683927081898 0.0 245.89835298350414 167.37084572887835 89.87213138676528 96.317184344228 166.00301202086666 171.4788616710526 207.6174366473105 267.25456029785533 274.3082208028042 135.14806694880988 186.04300578092153 266.9175902783479 246.06503205453635 270.05925275761246 239.82702099638396 243.52823244954578 219.2008211663451 180.36074961032958 325.3013987058771 136.2130683891968 245.52189311749777 290.6819567843866 275.7698315624826 159.81239000778382 166.50825805346713 156.16977940690063 220.4948979001555 213.23461257497573 291.43266803843386 236.90715480964266 166.5322791533221 289.6963927977012 260.3113520382851 316.6607016982057 177.9100896520487 31.064449134018133 208.4346420343797 211.62703040963365
239.87079855622275 389.22487073669896 92.00543462209176 205.84703058339218 238.447059113758 433.26781555984513 345.4750352775147 443.0722288747062 34.438350715445125 338.60005906674024 240.00833318866242 194.49421585229726 245.89835298350414 0.0 118.25819210524064 327.0244639166923 275.835095664058 114.73883387938018 322.4422428901027 431.00464034624963 101.49384217774002 449.040087297337 351.2506227752486 216.6702563805194 188.904737897174 487.99385242029433 283.73579259585847 99.02019995940222 110.05453193758083 434.42030339292387 332.74614948936676 479.8176737053357 363.73616812189573 343.94330928221297 519.0857347298229 305.62885989382613 301.8774585821207 412.4039282063157 345.4924022319449 439.9863634250498 339.4775397577872 428.85078990250213 51.97114584074513 149.24141516348604 281.48534597737057 456.0701700396552 490.50586133093253 231.91808898833224 222.27235545609355 426.1419951143046 120.43255373859678
188.83061192507955 382.8276374558138 89.94442728707543 244.13520843991347 295.28630174798155 418.0574123251494 245.34465553584002 365.5051299229602 85.70297544426332 368.4087403957729 330.3891644712338 247.2023462671825 167.37084572887835 118.25819210524064 0.0 231.10603626906848 234.0683660813652 137.44089638822936 300.29319006597535 322.8157369150395 100.43903623591775 421.8364612026798 296.70861126701396 235.5949914577982 256.9435735720977 389.7396566940552 321.92701036104444 180.27756377319946 190.24457942343588 382.5232019106815 310.84562084739105 464.41360875839973 301.9023020780067 348.90973044614276 410.90753217725273 338.73293314940605 281.81021982887705 326.11960995929087 231.93533581582605 385.17658288115075 330.84739684634064 420.2879964976397 82.87339742040264 32.64965543462902 329.3706119252293 417.0191842109905 464.96128871122164 242.53865671269807 137.26616480400406 372.3922662999327 177.91290003819284
136.40014662748717 302.0413878924542 320.62439083762797 302.6879581351065 361.20354372569494 310.28051824115545 24.413111231467404 147.56693396557372 293.58644382872995 362.0842443410097 444.7842173458946 326.2529693351464 89.87213138676528 327.0244639166923 231.10603626906848 0.0 154.38264151127873 255.53864678361276 219.20310216782974 118.82760622010359 330.2756424564185 289.28186946298587 145.16886718577092 268.4268988011447 354.9788726107513 161.01242188104618 346.19214318063314 329.31747600150226 333.2641594891356 209.02152999152983 225.17770760001977 346.5977495599185 130.60245020672468 301.6289110811495 200.81085628023203 347.96838936891953 214.89765005695153 99.53893710503444 95.35197952848173 205.32169880458324 263.60955976595386 325.2076259868455 309.7127701597078 218.97945109073592 368.26213489849863 261.9637379485947 327.3912033027155 257.1633721975196 105.62196741208714 197.3676771915807 301.4979270243827
46.22769732530488 164.17368851311102 313.86939959161356 165.05150711217394 218.3437656540713 189.33568073662187 178.08424972467387 188.55768348173987 250.9362468835461 207.78113485107352 312.385979198811 193.0 96.317184344228 275.835095664058 234.0683660813652 154.38264151127873 0.0 167.6722994414999 75.28612089887484 267.5556016980396 326.2698269837406 188.09040379562165 78.02563681252464 127.31457104353767 225.42404485768594 274.7671741675122 194.1468516355596 232.86047324524614 232.07972767995054 158.61904047118682 84.50443775329198 234.13671220037236 96.317184344228 151.08275877809487 338.4154251803543 194.09276132818556 64.07027391856539 180.20543831971332 241.84705910967782 164.57521077003062 117.09824934643558 196.4739168439414 284.45034716097643 243.57750306627253 217.8003673091485 184.36105879496353 231.22499864850255 111.39569111954016 120.5404496424333 150.62536307010186 197.58795509848267
139.5886814895821 275.3343422096125 180.27756377319946 107.70329614269008 158.01265772082945 318.67538342332 277.94963572561124 347.6147292621531 99.76472322419383 237.03375287076733 206.23530250662714 110.00454536063498 166.00301202086666 114.73883387938018 137.44089638822936 255.53864678361276 167.6722994414999 0.0 208.06249061279644 371.29503093900945 192.77447963877376 334.5205524328812 245.34465553584002 106.83164325236227 123.4908903522847 410.85885654321726 186.89301752607025 73.824115301167 78.00640999302557 325.3459696999488 218.27734651126764 365.3080891521566 261.0689564080724 231.94827009486403 456.11950188519677 205.62587385832552 187.4593289223025 325.28141662259156 302.9719458959856 331.9292093203007 225.055548698538 314.8650504581288 140.71957930579526 166.04818577750254 192.39802493788756 343.11076928595526 375.8257574994029 119.55333537798099 153.67498169838836 317.9213739275798 49.4064773081425
119.4361754243663 88.88756943465155 373.75125417849773 161.89502771858065 200.02499843769527 117.79643458101778 241.2343259156955 206.86710710018642 302.7358584641073 151.99013125857877 301.3652269257354 191.38704240360684 171.4788616710526 322.4422428901027 300.29319006597535 219.20310216782974 75.28612089887484 208.06249061279644 0.0 323.3852192045889 386.4194612076364 126.65701717630967 92.80086206496145 127.0 224.2944493294473 311.8092365533773 157.29272074701996 259.268200904006 255.31353273964936 136.3084736911099 10.63014581273465 164.14627622946554 117.61377470347595 83.48652585896721 384.3292858994745 148.55302083767936 20.615528128088304 217.18655575334307 311.3615262038648 146.4547711752676 44.40720662234904 122.18837915284743 340.14702703389895 313.4230368048909 183.88311504866346 137.93114224133723 168.65645555388622 107.0 195.57607215607945 133.46160496562297 223.00896842952304
254.7959968288356 397.63425405767043 407.3818847224309 421.2790049361587 479.4538559653056 394.7378877179134 94.76286192385707 171.23083834403195 396.6724089220222 472.4880950881197 563.5645482107617 445.06741062450305 207.6174366473105 431.00464034624963 322.8157369150395 118.82760622010359 267.5556016980396 371.29503093900945 323.3852192045889 0.0 414.93372964848254 364.0054944640259 235.9872877932199 386.53460388430943 473.76154339498686 93.81364506296512 461.5333140738597 444.6234361794259 449.29834186206386 269.67016891009655 327.29955698106284 423.0011820314454 213.96495040076073 406.8464083656141 88.23264701911646 461.37403481340385 323.1857051294194 124.4025723206719 98.32598842625484 261.3981637272917 366.8378388334551 413.5408081435253 405.3763683294822 302.16551755618974 484.5420518386407 326.8103425535979 395.06581730137066 374.44492251865296 218.0 259.3260495977988 418.4459343810141
282.936388610585 463.1813899543029 12.727922061357855 296.5434200922354 335.87199942835366 502.76435832306174 343.1180554852805 465.9291791678216 95.2732911156112 428.66420424383466 341.2110783664563 289.8706608127149 267.25456029785533 101.49384217774002 100.43903623591775 330.2756424564185 326.2698269837406 192.77447963877376 386.4194612076364 414.93372964848254 0.0 511.4000391083286 393.57337308308854 299.5947262553198 288.2013185257833 487.004106758865 376.10769734213096 198.92712233378333 210.09759636892565 479.4204835006531 397.04533746160524 549.5962154163727 400.3860636935307 423.16190754839926 502.0766873695691 396.489596332615 366.7219655270188 426.2980178232125 319.6779629564728 482.7556317641463 411.5385765636072 502.0537819795804 53.85164807134504 113.21660655575224 377.0 510.6045436538927 554.2282923128339 311.4434138009664 237.507894605632 469.6594510919588 214.478437144623
234.10467744152402 88.32326986700618 498.8025661521801 275.5358415887124 298.1677380267691 45.45327270945405 305.2212312405544 202.82997806044352 429.26099287030496 206.49697334343668 398.45325949225213 303.3891889965758 274.3082208028042 449.040087297337 421.8364612026798 289.28186946298587 188.09040379562165 334.5205524328812 126.65701717630967 364.0054944640259 511.4000391083286 0.0 145.7737973711325 245.69289774024807 334.26037755019667 318.69264189811474 241.7457341919398 382.09161205135086 377.058350921976 97.29337079164233 116.29703349613007 59.00847396772772 158.86157496386593 139.16896205691842 400.3461002682554 222.80484734403782 147.1767644704829 240.29981273400944 384.1874542459709 107.96758772891057 118.2285921425101 69.42621983083913 466.2295571925915 431.522884677047 267.16474318292825 45.48626166217664 43.139309220245984 226.37358503146962 303.2094985319556 106.06601717798213 346.27301367562563
112.27199116431488 161.8054387219416 381.5678183495039 235.30830839560255 282.9734969922095 165.21501142450705 163.37074401495514 117.34564329364768 324.59975354272837 244.70594598415462 381.4773912042495 264.43335644354704 135.14806694880988 351.2506227752486 296.70861126701396 145.16886718577092 78.02563681252464 245.34465553584002 92.80086206496145 235.9872877932199 393.57337308308854 145.7737973711325 0.0 197.39554199626699 297.5231083462258 219.0091322296858 247.226616690032 310.7796647144082 309.76281248723194 85.88364221433555 94.15412895885129 201.92077654367318 24.839484696748443 174.06320691059327 292.2618688778952 240.5659992600783 99.90495483208028 124.55520864259351 240.52026941611388 89.5377015563835 133.29666162361306 181.02486017119307 355.58402663786796 300.2032644725903 273.23433166423285 125.73384588089239 186.06719216455113 179.0111728356641 165.8493292117879 76.15773105863909 275.3270782178898
132.06059215375342 175.025712396779 287.07664481806944 38.01315561749642 92.9569792968769 222.05629916757596 292.8361316504505 313.517144666763 206.15528128088303 132.81566172707193 185.21878954360974 67.06713054842886 186.04300578092153 216.6702563805194 235.5949914577982 268.4268988011447 127.31457104353767 106.83164325236227 127.0 386.53460388430943 299.5947262553198 245.69289774024807 197.39554199626699 0.0 100.24470060806208 401.69640277204377 90.0222194794152 137.23337786413333 131.55227098001768 261.22212769977966 135.18135966175217 267.4341040331244 219.65882636488797 127.4401820463232 462.46729614103526 103.75451797391764 108.29589096544707 307.47520225214913 341.8844834150857 270.44038160008574 128.75169901791588 214.5809870421888 247.42069436488129 259.5630944491146 105.26157893552613 264.003787851614 283.9753510430087 20.0 191.9713520294109 256.7975856584325 102.42070103255493
221.0 253.60007886434104 277.2183255125822 62.81719509815764 52.40229002629561 303.59183124715327 379.0118731649445 413.14646313383827 195.1640335717624 166.14752480852673 89.80534505250787 33.24154027718932 266.9175902783479 188.904737897174 256.9435735720977 354.9788726107513 225.42404485768594 123.4908903522847 224.2944493294473 473.76154339498686 288.2013185257833 334.26037755019667 297.5231083462258 100.24470060806208 0.0 497.31378424491714 109.60383204979651 89.88882021697692 78.92401408950256 360.0999861149678 231.3547060251855 345.3983207834109 319.4698733840172 200.58414693090776 553.7192429381519 133.77593206552515 206.90335908341362 404.40820961004243 416.91485941376567 369.68770604389863 216.33307652783935 290.8367239534925 234.77648945326703 287.39171873942365 98.29038610159185 358.11311062288684 368.7505932198618 119.36917525056458 263.8825496314601 356.20218977429096 79.1012010022604
277.8488797889961 370.75328724098995 478.12655228506185 439.00455578501686 493.08924141579075 356.38883259720694 144.4195277654653 116.09048195265622 454.5987241513113 463.62916215440976 585.8958951895806 465.92059409302783 246.06503205453635 487.99385242029433 389.7396566940552 161.01242188104618 274.7671741675122 410.85885654321726 311.8092365533773 93.81364506296512 487.004106758865 318.69264189811474 219.0091322296858 401.69640277204377 497.31378424491714 0.0 464.077579721322 484.4223363966612 487.1652696980769 221.46105752479374 312.70753108935514 375.969413649568 194.20092687729377 391.8992217394671 82.38931969618392 459.03050007597534 317.5909318604673 95.4829827770373 185.05404615949362 210.77476129745705 351.12533374850636 378.05422891431857 469.8861564251494 374.03342096662965 489.3505900681024 276.1340254296815 342.24260401066374 386.16058835670947 266.0620228442985 213.50644018389704 453.9273069556402
212.8097742116184 155.08062419270823 364.04532684818247 79.7057087039567 61.032778078668514 205.0 370.4119328531412 363.572551219148 280.8629559055448 56.85068161420758 157.07959765672945 90.60905032059435 270.05925275761246 283.73579259585847 321.92701036104444 346.19214318063314 194.1468516355596 186.89301752607025 157.29272074701996 461.5333140738597 376.10769734213096 241.7457341919398 247.226616690032 90.0222194794152 109.60383204979651 464.077579721322 0.0 189.17980864775183 179.6941846582688 288.95847452532 160.18114745499858 242.86004199950224 271.82715096178305 102.59142264341595 531.672831730191 24.186773244895647 147.32277488562318 368.5986977730659 426.07159022868444 300.0833217624732 131.3202193114221 188.76705220985997 322.48565859585136 347.5413644445795 26.832815729997478 273.3386178350948 271.0018450121696 92.64987857520376 279.5156525134147 288.0642289490314 163.37074401495514
210.58252539087852 311.7194251245822 188.2817038376273 115.80155439371269 140.06427096158393 359.25478424093393 351.6048918886084 417.73915306085445 108.04165863221463 245.44856895080892 150.44268011438774 98.59513172565875 239.82702099638396 99.02019995940222 180.27756377319946 329.31747600150226 232.86047324524614 73.824115301167 259.268200904006 444.6234361794259 198.92712233378333 382.09161205135086 310.7796647144082 137.23337786413333 89.88882021697692 484.4223363966612 189.17980864775183 0.0 11.180339887498949 386.4194612076364 268.5609800399157 404.40079129497263 328.5681055732586 262.0877715575452 529.7971309850592 212.20744567521658 239.08366736354034 397.81654063148255 373.4193353322776 394.10277847282424 265.9323222175146 351.0697936308392 145.98630072715727 212.51352898109803 184.16568627190028 397.1460688462118 421.028502598102 155.92626462530293 226.68480319597958 380.08420119757676 36.345563690772494
211.8726032312814 305.2212312405544 199.46177578674065 107.91200118615167 129.49517365523704 353.1925820285585 355.8440669731617 418.1686262741384 119.10499569707393 236.17366491630688 140.18559127100045 89.10667763978185 243.52823244954578 110.05453193758083 190.24457942343588 333.2641594891356 232.07972767995054 78.00640999302557 255.31353273964936 449.29834186206386 210.09759636892565 377.058350921976 309.76281248723194 131.55227098001768 78.92401408950256 487.1652696980769 179.6941846582688 11.180339887498949 0.0 384.0637967838156 264.39364591457183 398.016331323226 328.1463088318989 255.0 533.9681638449993 202.94087809014724 235.32530675641326 399.58603579204316 379.7222669267632 392.0051020076142 260.2710126003278 344.41980198589044 157.16551784663199 222.33533232484666 173.92527130926086 393.2429274634192 415.5237658666469 150.68510211696443 231.63117234085743 378.0119045744459 34.52535300326414
197.39554199626699 159.3643623900902 467.38634982207174 297.40544715926103 335.83626963149766 136.0588108135596 220.85742007005334 105.53672346628922 408.89729761885195 269.60897611170145 437.4528546026417 327.00611615075337 219.2008211663451 434.42030339292387 382.5232019106815 209.02152999152983 158.61904047118682 325.3459696999488 136.3084736911099 269.67016891009655 479.4204835006531 97.29337079164233 85.88364221433555 261.22212769977966 360.0999861149678 221.46105752479374 288.95847452532 386.4194612076364 384.0637967838156 0.0 130.60245020672468 155.2932709424333 84.1486779456457 195.0640920313116 303.0528006800135 275.85503439306666 153.22206107476822 145.27904184706065 300.6958596322869 12.041594578792296 158.51813776347487 158.7765725792064 440.8446438372593 385.2920969861697 315.7863201596928 57.14017850864661 125.39936203984452 241.40629652103112 250.2039168358481 11.661903789690601 350.2413453605956
129.25169244539896 80.049984384758 384.37611788455325 169.29559947027565 205.23401277566055 107.29864864013899 246.78938388836744 205.7790076757102 313.23154374998694 151.02979838429235 306.88760157425713 198.6454127333425 180.36074961032958 332.74614948936676 310.84562084739105 225.17770760001977 84.50443775329198 218.27734651126764 10.63014581273465 327.29955698106284 397.04533746160524 116.29703349613007 94.15412895885129 135.18135966175217 231.3547060251855 312.70753108935514 160.18114745499858 268.5609800399157 264.39364591457183 130.60245020672468 0.0 153.57408635573907 118.72657663724664 80.05623023850174 386.38064133701107 149.93665329064805 30.886890422961002 218.68013169924697 318.0770346944274 141.1523999087511 39.56008088970496 112.25417586887359 350.7206865869192 323.80395303331306 186.93849255838134 128.9961239727768 158.15182578775372 115.2128465059344 205.00975586542216 128.5496013218244 232.36178687555318
280.2730811191114 92.84934033152847 536.8891878218446 291.78416680827627 302.98844862469593 46.861498055439924 363.23270777836075 260.5724467398654 463.2072970064267 197.0913493789111 398.78440290462714 317.19552329753964 325.3013987058771 479.8176737053357 464.41360875839973 346.5977495599185 234.13671220037236 365.3080891521566 164.14627622946554 423.0011820314454 549.5962154163727 59.00847396772772 201.92077654367318 267.4341040331244 345.3983207834109 375.969413649568 242.86004199950224 404.40079129497263 398.016331323226 155.2932709424333 153.57408635573907 0.0 216.72332592501436 144.9206679531943 457.9574216016157 220.7351353998724 183.15294155431957 299.202272718641 441.78048847815813 165.38742394752995 140.356688476182 54.57105459856901 501.9521889582712 476.7997483220812 265.6106172576691 99.92497185388645 41.72529209005013 249.7218452598811 352.94475488382034 164.59647626847908 369.84996958226185
123.9112585683803 183.84776310850236 388.66052024871266 257.6606295109907 306.5566831762113 183.04371062672436 146.50938536489735 93.94147114027967 335.75288531895 269.462427807663 404.36122464944634 286.53097563788805 136.2130683891968 363.73616812189573 301.9023020780067 130.60245020672468 96.317184344228 261.0689564080724 117.61377470347595 213.96495040076073 400.3860636935307 158.86157496386593 24.839484696748443 219.65882636488797 319.4698733840172 194.20092687729377 271.82715096178305 328.5681055732586 328.1463088318989 84.1486779456457 118.72657663724664 216.72332592501436 0.0 198.45654436173174 267.9440240050149 265.37709019431196 124.52309022827855 99.98499887483122 225.32864886649455 84.40379138403677 157.64834283937145 200.42205467462907 364.84106128559597 302.7358584641073 297.7414986191881 132.48396129343357 196.8654362756449 201.71762441591463 167.2752223134078 72.91776189653656 293.62561196189955
188.53381659532593 53.33854141237835 410.48751503547584 147.648230602334 160.1998751560063 103.58571330062848 324.09875038327436 282.4535360019414 331.6941362158819 74.65252842335616 259.4937378820537 172.35138525698017 245.52189311749777 343.94330928221297 348.90973044614276 301.6289110811495 151.08275877809487 231.94827009486403 83.48652585896721 406.8464083656141 423.16190754839926 139.16896205691842 174.06320691059327 127.4401820463232 200.58414693090776 391.8992217394671 102.59142264341595 262.0877715575452 255.0 195.0640920313116 80.05623023850174 144.9206679531943 198.45654436173174 0.0 466.3228495366703 84.20213774008353 87.36704184073076 298.4359227707013 392.2550190883477 206.81634364817495 40.8166632639171 90.44335243676011 372.3251267373718 367.6792080061096 128.08200498118384 172.35138525698017 169.42549985170473 112.43220179290273 265.34505836740203 196.31097778779463 228.81652038259824
332.84831380074615 448.84964074843595 494.8181484141421 498.57095783850065 555.2089696681782 437.0823720993561 178.1937148162078 197.51708786836647 484.7844882006849 536.1529632483625 643.361484703584 523.8110346298558 290.6819567843866 519.0857347298229 410.90753217725273 200.81085628023203 338.4154251803543 456.11950188519677 384.3292858994745 88.23264701911646 502.0766873695691 400.3461002682554 292.2618688778952 462.46729614103526 553.7192429381519 82.38931969618392 531.672831730191 529.7971309850592 533.9681638449993 303.0528006800135 386.38064133701107 457.9574216016157 267.9440240050149 466.3228495366703 0.0 528.818494381579 387.73702428321184 168.15766411317682 182.98907071188705 292.60553651631403 425.54083235337123 458.27175343893936 493.53925882344964 389.6832046675864 555.989208528367 358.23176855214837 424.5774369888254 448.68251581714213 303.9161068452937 294.6811836544709 502.3086700426342
217.59825366946308 135.07405376311175 384.29415816533043 100.16985574512923 84.86459803710851 184.39088914585776 371.9274122728789 355.37304343464206 301.4050430898594 33.24154027718932 178.13758727455584 113.86395390991831 275.7698315624826 305.62885989382613 338.73293314940605 347.96838936891953 194.09276132818556 205.62587385832552 148.55302083767936 461.37403481340385 396.489596332615 222.80484734403782 240.5659992600783 103.75451797391764 133.77593206552515 459.03050007597534 24.186773244895647 212.20744567521658 202.94087809014724 275.85503439306666 149.93665329064805 220.7351353998724 265.37709019431196 84.20213774008353 528.818494381579 0.0 141.4955829699288 363.7609104892938 430.92690795539795 287.27861041156547 117.33712115098103 167.0748335327616 343.0801655590133 363.2547315589984 45.0 256.47027118167125 250.2418829852429 102.00490184299969 287.65604460883486 275.81152985326776 185.20529150107996
104.9952379872535 103.31505214633539 354.0353089735542 144.183910336764 185.64751546950473 136.48809471891678 237.77510382712484 216.60332407421637 282.39688383549844 149.37201879870273 286.1782661209617 173.78722622793657 159.81239000778382 301.8774585821207 281.81021982887705 214.89765005695153 64.07027391856539 187.4593289223025 20.615528128088304 323.1857051294194 366.7219655270188 147.1767644704829 99.90495483208028 108.29589096544707 206.90335908341362 317.5909318604673 147.32277488562318 239.08366736354034 235.32530675641326 153.22206107476822 30.886890422961002 183.15294155431957 124.52309022827855 87.36704184073076 387.73702428321184 141.4955829699288 0.0 222.27235545609355 304.90162347878703 162.8066337714775 53.600373133029585 138.95682782792647 320.0390601161052 295.9408724728641 173.3666634621547 158.06960492137634 189.0026454841307 88.36288813749809 182.00274723201295 149.40214188558343 202.7856010667424
187.92817777012579 281.2561110447202 416.06249530569323 345.0681092190352 398.24615503479754 273.0750812505601 97.20082304178294 52.80151512977634 380.4747034955149 369.173400992 492.29767417691505 372.52248254300036 166.50825805346713 412.4039282063157 326.11960995929087 99.53893710503444 180.20543831971332 325.28141662259156 217.18655575334307 124.4025723206719 426.2980178232125 240.29981273400944 124.55520864259351 307.47520225214913 404.40820961004243 95.4829827770373 368.5986977730659 397.81654063148255 399.58603579204316 145.27904184706065 218.68013169924697 299.202272718641 99.98499887483122 298.4359227707013 168.15766411317682 363.7609104892938 222.27235545609355 0.0 170.55204484262273 137.05838172107534 257.62375666851847 293.07336965340266 401.3601873629222 316.76489704511135 393.8743454453463 202.41788458533006 270.667692937299 291.44639301250584 192.04166214652486 135.03332921912278 365.65694304908254
213.45959805077868 396.15274831812036 312.87697262662203 372.23648397221893 432.12035360533525 405.6131161587357 79.84985911070852 223.32935319836486 311.1028768751585 448.2956613664692 505.40775617317155 391.89411835341446 156.16977940690063 345.4924022319449 231.93533581582605 95.35197952848173 241.84705910967782 302.9719458959856 311.3615262038648 98.32598842625484 319.6779629564728 384.1874542459709 240.52026941611388 341.8844834150857 416.91485941376567 185.05404615949362 426.07159022868444 373.4193353322776 379.7222669267632 300.6958596322869 318.0770346944274 441.78048847815813 225.32864886649455 392.2550190883477 182.98907071188705 430.92690795539795 304.90162347878703 170.55204484262273 0.0 295.7177708559295 355.62058433110985 420.3094098399416 314.76022620401073 208.24024587000469 445.862086300237 355.24217092006404 421.5839180993506 334.07334524023315 153.1012736720371 289.15393824051574 352.115038020247
201.75727991822254 171.40595088852663 470.82587014734014 306.9218141481638 346.30189141845585 147.59742545180114 216.01157376399996 95.1892851112981 413.8816255887666 281.40007107319644 447.794595769087 336.5352878971238 220.4948979001555 439.9863634250498 385.17658288115075 205.32169880458324 164.57521077003062 331.9292093203007 146.4547711752676 261.3981637272917 482.7556317641463 107.96758772891057 89.5377015563835 270.44038160008574 369.68770604389863 210.77476129745705 300.0833217624732 394.10277847282424 392.0051020076142 12.041594578792296 141.1523999087511 165.38742394752995 84.40379138403677 206.81634364817495 292.60553651631403 287.27861041156547 162.8066337714775 137.05838172107534 295.7177708559295 0.0 169.95587662684687 170.47287174210447 445.1213317737086 386.9431482789171 326.9158913237471 66.12110101926616 134.01492454200763 250.7149776140229 251.55715056424057 14.035668847618199 358.0223456713282
158.52129194527782 52.009614495783374 398.81073205218536 157.33403954643762 183.0027322200409 94.02127418834527 285.5906160923359 242.24367896810023 323.44551318576055 113.86395390991831 284.6067462306542 185.1944923587092 213.23461257497573 339.4775397577872 330.84739684634064 263.60955976595386 117.09824934643558 225.055548698538 44.40720662234904 366.8378388334551 411.5385765636072 118.2285921425101 133.29666162361306 128.75169901791588 216.33307652783935 351.12533374850636 131.3202193114221 265.9323222175146 260.2710126003278 158.51813776347487 39.56008088970496 140.356688476182 157.64834283937145 40.8166632639171 425.54083235337123 117.33712115098103 53.600373133029585 257.62375666851847 355.62058433110985 169.95587662684687 0.0 90.52071586106685 362.7450895601483 346.77081768799405 158.02847844613325 143.54441821262157 155.283611498445 110.16805344563369 235.58013498595335 158.64425612041552 230.70543990118657
241.50569351466643 39.66106403010388 489.3260671576776 237.69728648009425 248.62019226120793 24.041630560342615 344.28476585524373 262.20602586515815 413.69674883905 145.24806367039804 345.20863256876993 262.78698597913865 291.43266803843386 428.85078990250213 420.2879964976397 325.2076259868455 196.4739168439414 314.8650504581288 122.18837915284743 413.5408081435253 502.0537819795804 69.42621983083913 181.02486017119307 214.5809870421888 290.8367239534925 378.05422891431857 188.76705220985997 351.0697936308392 344.41980198589044 158.7765725792064 112.25417586887359 54.57105459856901 200.42205467462907 90.44335243676011 458.27175343893936 167.0748335327616 138.95682782792647 293.07336965340266 420.3094098399416 170.47287174210447 90.52071586106685 0.0 453.1864958270491 434.897689117797 212.05895406702354 113.95174417269794 84.52810183601665 197.4968354176846 316.9921134665656 165.19685227025363 316.93059177050105
