101
30
250 250
327 57
12 379
140 125
114 71
377 52
346 379
456 279
44 302
216 16
15 47
111 119
258 308
13 287
101 366
332 359
279 214
112 229
301 142
414 445
3 388
412 81
357 216
174 142
79 110
490 390
172 52
47 194
49 183
433 176
309 135
413 22
373 235
274 63
498 472
193 40
282 150
424 321
316 453
441 185
295 98
360 35
23 338
116 395
148 40
437 119
443 51
194 142
232 325
427 186
83 189
181 107
343 136
359 479
349 331
36 311
325 87
273 373
125 83
236 194
138 473
327 352
285 112
350 166
431 393
397 28
117 420
16 412
161 205
137 33
108 467
482 290
448 367
161 108
335 255
202 452
468 329
234 73
135 71
126 381
287 275
134 382
299 219
459 298
204 185
112 70
260 252
46 386
24 440
56 78
321 81
405 348
216 305
32 197
195 305
239 270
128 497
283 440
482 5
348 369
58 349
0 3 2 3 2 1 2 2 1 2 1 3 3 2 3 1 3 1 3 2 3 3 3 1 1 2 1 3 3 1 3 2 2 1 1 2 2 1 1 1 3 1 1 3 2 1 3 1 1 3 2 3 1 2 3 3 2 1 3 3 3 1 3 2 2 3 3 2 2 3 2 1 1 1 1 2 1 3 3 1 3 1 1 1 3 3 1 1 1 1 2 1 3 1 2 3 2 1 3 1 3
0.0 207.79316639389276 270.7120241141867 166.50825805346713 224.8043593883357 235.22967499871268 160.80111939908875 208.03124765284662 212.46176126540982 236.4571842850202 310.5382424114621 191.0026177831079 58.54912467321779 239.87079855622275 188.83061192507955 136.40014662748717 46.22769732530488 139.5886814895821 119.4361754243663 254.7959968288356 282.936388610585 234.10467744152402 112.27199116431488 132.06059215375342 221.0 277.8488797889961 212.8097742116184 210.58252539087852 211.8726032312814 197.39554199626699 129.25169244539896 280.2730811191114 123.9112585683803 188.53381659532593 332.84831380074615 217.59825366946308 104.9952379872535 187.92817777012579 213.45959805077868 201.75727991822254 158.52129194527782 241.50569351466643 243.46046907044274 197.43606560099397 233.46091750012462 228.31995094603536 277.2183255125822 121.6552506059644 77.12976079309465 188.2153022471871 177.79201331893398 158.7765725792064 147.12239802287073 253.6178227175685 127.91403363196706 222.52415599210798 179.42686532400882 125.13193037750197 208.60009587725506 57.723478758647246 249.545587017683 127.80062597655773 142.36923825040296 130.59862173851607 230.67292862405853 266.2573942635209 215.84485168750263 284.60498941515414 99.72963451251589 244.65894629054543 259.33183375744676 235.42302351299458 229.98478210525147 167.5857989210303 85.14693182963201 207.62466134830902 231.87280996270349 177.72169254201918 212.7580785775243 180.38015411901608 44.654227123532216 175.72706109191037 57.982756057296896 214.44113411377026 79.63039620647382 226.8126980572296 10.198039027185569 245.17748673155128 295.2558212804618 259.268200904006 183.30848316430968 183.38211472223784 64.66065264130884 224.35017272112808 77.78174593052023 22.825424421026653 275.48684179103725 192.84449693989197 337.4151745253909 154.1590088188167 216.0208323287363
207.79316639389276 0.0 450.45421520949276 198.97989848223364 213.45959805077868 50.24937810560445 322.56007192459515 256.7586415293554 374.31804658605495 118.33004690272035 312.1602152741441 224.72205054244233 260.3113520382851 389.22487073669896 382.8276374558138 302.0413878924542 164.17368851311102 275.3343422096125 88.88756943465155 397.63425405767043 463.1813899543029 88.32326986700618 161.8054387219416 175.025712396779 253.60007886434104 370.75328724098995 155.08062419270823 311.7194251245822 305.2212312405544 159.3643623900902 80.049984384758 92.84934033152847 183.84776310850236 53.33854141237835 448.84964074843595 135.07405376311175 103.31505214633539 281.2561110447202 396.15274831812036 171.40595088852663 52.009614495783374 39.66106403010388 413.9770525041213 398.45325949225213 179.8054504179448 126.26955294131677 116.15506876585283 157.84169284444462 284.33958570695006 163.22070947033652 277.41665415039523 154.3243337908834 80.60397012554654 423.2115310338318 274.8817927764587 386.26027494424017 30.066592756745816 320.5807230636303 203.66639388961548 164.46884203398528 456.92121859243963 295.0 69.20260110718382 111.40017953306898 351.7271669916897 75.76938695805846 419.36738070574825 471.9597440460362 222.39604313026794 191.5097908724251 464.8236224634028 279.84638643370045 332.77770358003255 173.65770930194836 198.16155025635018 414.30664971733194 306.3739545065801 94.36630754670864 192.50974001333023 381.2833591962807 221.63934668736056 377.9867722553264 164.40194646049662 274.781731561616 177.51901306620653 215.39266468475662 206.1892334725555 432.66846430032314 488.362570228309 271.8124353299532 24.73863375370596 301.27230207903284 271.7075633838705 326.5348373451139 280.941275002446 230.46257830719503 482.9088940990837 385.5191305240247 163.4900608599801 312.70593214712125 397.0201506221063
270.7120241141867 450.45421520949276 0.0 284.42925306655786 324.4503043610839 490.0550989429658 334.0 455.1219616762083 83.38465086573187 416.39524492962215 332.01355394019686 278.2103520719529 256.04101233982027 92.00543462209176 89.94442728707543 320.62439083762797 313.86939959161356 180.27756377319946 373.75125417849773 407.3818847224309 12.727922061357855 498.8025661521801 381.5678183495039 287.07664481806944 277.2183255125822 478.12655228506185 364.04532684818247 188.2817038376273 199.46177578674065 467.38634982207174 384.37611788455325 536.8891878218446 388.66052024871266 410.48751503547584 494.8181484141421 384.29415816533043 354.0353089735542 416.06249530569323 312.87697262662203 470.82587014734014 398.81073205218536 489.3260671576776 42.44997055358225 105.22357150372724 365.2629190049272 498.2218381404011 541.6133307074338 298.8193434167206 226.53035116734358 457.68329661459137 202.8324431643025 320.2264823527249 410.62148019800424 361.1218630877948 340.40123384030204 72.11102550927978 428.05723916317544 261.0689564080724 316.8359196808342 290.51850199255813 157.20050890502867 316.1550252645053 381.861231339344 399.51595712812275 419.23382497122054 520.9856044076458 112.72089424769483 33.24154027718932 229.0785891348207 367.8872109764078 130.23056476879765 478.3523805731503 436.16510635308737 309.2604080706096 345.98410368107955 203.54115063052976 458.73303783355306 378.0476160485607 331.6519259705874 114.0175425099138 294.0085032783916 122.03687967167957 328.58636612008115 454.27964955520514 272.9468812791236 324.77838598034816 278.6269907959385 34.713109915419565 62.16912416947821 304.19894805866767 429.2842880889074 394.2207503417343 217.00691233230336 183.09560344257315 197.39554199626699 251.81342299408902 165.46903033498444 277.7804888756588 600.6463185602655 336.1487765856065 54.91812087098393
166.50825805346713 198.97989848223364 284.42925306655786 0.0 59.93329625508679 247.98790293076797 327.0351663047875 351.52809276073515 201.357890334598 132.87964479181903 147.33974345029924 29.614185789921695 217.74526401279087 205.84703058339218 244.13520843991347 302.6879581351065 165.05150711217394 107.70329614269008 161.89502771858065 421.2790049361587 296.5434200922354 275.5358415887124 235.30830839560255 38.01315561749642 62.81719509815764 439.00455578501686 79.7057087039567 115.80155439371269 107.91200118615167 297.40544715926103 169.29559947027565 291.78416680827627 257.6606295109907 147.648230602334 498.57095783850065 100.16985574512923 144.183910336764 345.0681092190352 372.23648397221893 306.9218141481638 157.33403954643762 237.69728648009425 243.01851781294363 271.0645679538364 85.37564055396598 297.0605998782067 311.9054343867705 56.61271941887264 220.14540649307222 293.4109745732085 85.70297544426332 44.77722635447622 203.29781110479277 416.2655402504512 293.4569815151788 213.10091506138588 188.86238376129853 281.41250860613854 44.598206241955516 118.22436297142819 348.0057470789814 294.1054232753963 145.58159224297555 213.96495040076073 395.6071283483148 274.69619582367716 295.8952517361507 312.64196775225173 82.71033792700887 92.04890004774636 343.49381362697056 379.7222669267632 391.6988639248268 27.018512172212592 234.3608329051593 332.8257802514703 386.2641583165593 107.42439201596628 54.230987451824994 256.382526705702 210.02142747824567 257.07002936943076 184.70787747142785 362.8911682584739 87.72684879784524 61.71709649683789 174.72549899771354 277.41124706831914 335.6799070543246 96.25487000666512 186.27130750601393 346.3437598687177 195.386795869117 129.79984591670362 188.2153022471871 175.5733464965568 372.19349806249977 345.9393010341554 362.44171945293493 320.62439083762797 238.53720883753127
224.8043593883357 213.45959805077868 324.4503043610839 59.93329625508679 0.0 263.68541863364385 385.6008298746257 400.2848985410267 241.37315509393335 115.88356225108029 101.86756107809786 48.093658625644196 277.31750756127894 238.447059113758 295.28630174798155 361.20354372569494 218.3437656540713 158.01265772082945 200.02499843769527 479.4538559653056 335.87199942835366 298.1677380267691 282.9734969922095 92.9569792968769 52.40229002629561 493.08924141579075 61.032778078668514 140.06427096158393 129.49517365523704 335.83626963149766 205.23401277566055 302.98844862469593 306.5566831762113 160.1998751560063 555.2089696681782 84.86459803710851 185.64751546950473 398.24615503479754 432.12035360533525 346.30189141845585 183.0027322200409 248.62019226120793 282.0815484926301 324.0061727807049 46.010868281309364 326.54708695684303 329.607342151233 106.96261028976434 280.07141946296485 333.45764348714516 122.00409829181969 76.05918747922567 238.04621400055913 475.908604671107 350.46397817750113 252.3568901377571 211.6057655169159 341.29898915760066 16.278820596099706 173.24260445975753 402.715780669196 352.60459441136044 175.8465239918037 254.40322325002094 451.85506525876195 286.2481440987871 349.0128937446294 354.80276210875246 142.00352108310554 44.41846462902562 396.045451937022 428.2347487068279 446.2869032360237 59.81638571495272 287.5708608325955 391.0306893326916 438.0410939626555 120.01666550941998 21.0 310.23217112349903 267.47897113605023 311.64242329952447 236.9155967850154 412.9818397944394 145.24462124292245 2.23606797749979 232.54461937443318 322.2561093292104 379.81706122816547 58.42088667591412 207.24140512938047 401.75863400803223 255.26456863419176 150.33296378372907 247.62269685955687 235.00212764994276 426.2299848673249 405.85958162891757 373.87163572541846 378.89312477267254 283.58420266298333
235.22967499871268 50.24937810560445 490.0550989429658 247.98790293076797 263.68541863364385 0.0 328.4661321963042 240.35390573069537 416.4000480307369 164.97575579460153 362.03452874000845 274.3082208028042 282.3065709472594 433.26781555984513 418.0574123251494 310.28051824115545 189.33568073662187 318.67538342332 117.79643458101778 394.7378877179134 502.76435832306174 45.45327270945405 165.21501142450705 222.05629916757596 303.59183124715327 356.38883259720694 205.0 359.25478424093393 353.1925820285585 136.0588108135596 107.29864864013899 46.861498055439924 183.04371062672436 103.58571330062848 437.0823720993561 184.39088914585776 136.48809471891678 273.0750812505601 405.6131161587357 147.59742545180114 94.02127418834527 24.041630560342615 455.095594353538 431.010440708807 229.31419493786248 89.9388681271896 66.007575322837 203.93381279228808 309.118100408242 143.024473430249 324.35320254315354 203.5706265648362 90.62008607367353 427.37922270508193 280.40149785619906 428.20789343495295 62.68173577685928 337.42702914852566 253.899586451022 200.11246837716035 484.10949174747645 304.138126514911 109.83624174196785 117.15374513859982 345.2491853719571 31.240998703626616 450.58184606129 509.82447960057783 264.69794105734934 240.75090861718465 494.5563668582177 260.13265846486865 322.9024620531717 223.14121089570165 207.29930052945187 436.6062299143245 291.56474409640134 144.53373308677806 242.7447218787671 413.81396786478825 240.4766100892143 409.81581228644654 184.31766057543157 259.3067681338071 218.21548982599745 265.6106172576691 231.70886905770354 470.2307943978148 524.5502835763222 322.051238159396 63.06346010171025 297.3213749463701 299.88331063932185 374.2325480232846 311.66167553935793 258.00775182152955 509.92744581950086 399.2242477605788 115.03912377969506 318.3237345847777 435.85548063549686
160.80111939908875 322.56007192459515 334.0 327.0351663047875 385.6008298746257 328.4661321963042 0.0 148.66068747318505 311.66167553935793 385.5761922110856 468.81232918941026 350.46397817750113 113.07077429645558 345.4750352775147 245.34465553584002 24.413111231467404 178.08424972467387 277.94963572561124 241.2343259156955 94.76286192385707 343.1180554852805 305.2212312405544 163.37074401495514 292.8361316504505 379.0118731649445 144.4195277654653 370.4119328531412 351.6048918886084 355.8440669731617 220.85742007005334 246.78938388836744 363.23270777836075 146.50938536489735 324.09875038327436 178.1937148162078 371.9274122728789 237.77510382712484 97.20082304178294 79.84985911070852 216.01157376399996 285.5906160923359 344.28476585524373 325.59176893772974 230.5558500667463 392.587569849072 275.4650613054222 342.04239503313033 281.55461281960913 126.14277624977183 209.3083849252103 324.45184542548066 318.13361972605156 243.01851781294363 100.84145972763385 48.093658625644196 317.37044600907626 292.7541630788536 73.24616030891995 369.4008662686107 215.23243250030885 228.25424421026653 33.015148038438355 273.87953556262653 213.03755537463343 86.14522621712709 354.6857764275303 232.6413548791358 331.6458954969894 253.97047072445253 404.22394783090226 253.74790639530408 162.53307355735325 102.70345661174214 328.1249761904753 124.4869471069156 161.4465855941215 131.84839779079607 325.85272747055535 373.34300582708124 220.00909072126996 119.57006314291216 212.02122535255756 166.76030702778164 139.0323703315167 240.41630560342617 387.6041795440292 153.37861650177967 300.08165555395084 327.72702055216627 417.9724871328255 299.0468190768797 66.64833081180653 149.58609561052123 362.93250061133955 168.15766411317682 152.74161188098023 247.88707106261108 87.69264507357501 397.9597969644673 10.198039027185569 289.5582842883277
208.03124765284662 256.7586415293554 455.1219616762083 351.52809276073515 400.2848985410267 240.35390573069537 148.66068747318505 0.0 412.6414908852477 356.046345297912 498.30211719397704 380.2959373961284 200.11246837716035 443.0722288747062 365.5051299229602 147.56693396557372 188.55768348173987 347.6147292621531 206.86710710018642 171.23083834403195 465.9291791678216 202.82997806044352 117.34564329364768 313.517144666763 413.14646313383827 116.09048195265622 363.572551219148 417.73915306085445 418.1686262741384 105.53672346628922 205.7790076757102 260.5724467398654 93.94147114027967 282.4535360019414 197.51708786836647 355.37304343464206 216.60332407421637 52.80151512977634 223.32935319836486 95.1892851112981 242.24367896810023 262.20602586515815 437.00114416326187 359.2436499090833 389.85253622363416 161.1241757155021 228.3703133071372 295.6568957423452 228.67444107289296 97.41663102366043 383.7043132413291 324.3593686021725 182.25805880673698 222.28135324403618 118.9663818059539 421.2172835960082 232.43278598338918 205.73040611440985 384.6777872453776 235.8495283014151 372.50503352303843 148.22280526288793 239.0188277102873 154.93547043850222 116.70903992407786 257.8410362994999 367.1539186771673 459.66183222016593 304.13977050034083 402.83619499742076 395.53508061864756 28.231188426986208 88.36288813749809 340.9780051557578 123.35720489699821 307.31905245200795 51.419840528729765 302.8530997034701 382.4983660095818 345.4041111509821 169.04733065032408 338.07247743642193 168.07438829280326 19.235384061671343 268.96096371034963 402.5133538157461 197.85095400325974 423.73222676591405 461.02602963390257 447.6617026282235 239.64348520249825 85.80209787645055 241.40422531513403 431.8564576337837 262.29182221335077 217.18655575334307 393.83752995365995 236.32604596192948 275.230812228573 140.5844941663198 404.1088962148693
212.46176126540982 374.31804658605495 83.38465086573187 201.357890334598 241.37315509393335 416.4000480307369 311.66167553935793 412.6414908852477 0.0 333.73642294481436 256.64372191814863 194.87944991712183 214.0840956259946 34.438350715445125 85.70297544426332 293.58644382872995 250.9362468835461 99.76472322419383 302.7358584641073 396.6724089220222 95.2732911156112 429.26099287030496 324.59975354272837 206.15528128088303 195.1640335717624 454.5987241513113 280.8629559055448 108.04165863221463 119.10499569707393 408.89729761885195 313.23154374998694 463.2072970064267 335.75288531895 331.6941362158819 484.7844882006849 301.4050430898594 282.39688383549844 380.4747034955149 311.1028768751585 413.8816255887666 323.44551318576055 413.69674883905 41.677331968349414 117.61377470347595 281.8865019826242 433.5181657093506 471.3830713973509 219.31712199461307 189.40168953839878 400.1812089541437 119.54078801814885 238.3149177034455 341.9897659287482 361.32257056541596 306.3755864947467 12.041594578792296 353.8163365363448 239.75404063331237 233.49946466748057 220.29071700822982 195.13328778042973 287.3830196793123 306.8892308309303 334.8611652610676 397.5550276376844 446.8612760130374 138.75518008348374 113.50770898930169 151.9802618763371 284.6225570821821 176.9773996870787 438.1643527262344 409.1955522729933 226.55021518418383 294.771097633401 217.86234185833953 424.8588000736245 297.5583976297762 248.2780699135548 113.86395390991831 244.49539872971025 120.41594578792295 268.1678578800972 415.0192766607354 198.2145302443794 241.76021178018522 221.71152428324515 84.02380615040002 139.44174410842686 224.32119828495925 354.3585754571208 363.9189470198 172.02616080119907 105.68348972285122 151.02979838429235 197.60819821049935 212.32286735064596 275.98007174431996 529.2003401359451 311.2956793789467 49.040799340956916
236.4571842850202 118.33004690272035 416.39524492962215 132.87964479181903 115.88356225108029 164.97575579460153 385.5761922110856 356.046345297912 333.73642294481436 0.0 203.37649815059754 147.08500943332058 295.00508470194205 338.60005906674024 368.4087403957729 362.0842443410097 207.78113485107352 237.03375287076733 151.99013125857877 472.4880950881197 428.66420424383466 206.49697334343668 244.70594598415462 132.81566172707193 166.14752480852673 463.62916215440976 56.85068161420758 245.44856895080892 236.17366491630688 269.60897611170145 151.02979838429235 197.0913493789111 269.462427807663 74.65252842335616 536.1529632483625 33.24154027718932 149.37201879870273 369.173400992 448.2956613664692 281.40007107319644 113.86395390991831 145.24806367039804 375.41044204976504 391.97066216746373 72.11102550927978 243.82370680473218 229.68238939892626 127.90621564255585 309.4139621930465 270.96309711840837 218.21548982599745 97.49871794028884 174.72549899771354 484.58023071520364 341.9268927709548 345.5792239125495 130.08458786497346 361.52178357603844 113.00442469213318 179.12007146045917 463.6086711872417 353.8601418639856 118.22436297142819 201.13676938839401 433.9976958464181 181.39735389470266 415.9531223587581 443.63949328255256 196.84003657792792 80.8084154033477 463.75101078056963 381.8795621658745 420.7433897282285 107.18675291284833 266.98689106396216 436.22471273415954 401.8370316434263 59.77457653551382 97.9081201943945 375.9321747336878 268.55539465815986 375.0733261643648 219.31256233968907 372.2539455801644 169.42549985170473 117.18361660232202 240.06665740997852 407.18546143004664 465.4460226492434 171.5925406304132 123.4908903522847 382.0274859221519 289.0 258.10269274069964 289.76197127987655 255.03921267130667 488.9836398081228 429.26099287030496 266.2273464541162 376.87265753832554 368.5824195481928
310.5382424114621 312.1602152741441 332.01355394019686 147.33974345029924 101.86756107809786 362.03452874000845 468.81232918941026 498.30211719397704 256.64372191814863 203.37649815059754 0.0 120.0 356.6090296108611 240.00833318866242 330.3891644712338 444.7842173458946 312.385979198811 206.23530250662714 301.3652269257354 563.5645482107617 341.2110783664563 398.45325949225213 381.4773912042495 185.21878954360974 89.80534505250787 585.8958951895806 157.07959765672945 150.44268011438774 140.18559127100045 437.4528546026417 306.88760157425713 398.78440290462714 404.36122464944634 259.4937378820537 643.361484703584 178.13758727455584 286.1782661209617 492.29767417691505 505.40775617317155 447.794595769087 284.6067462306542 345.20863256876993 291.10994486619654 362.36031791574527 133.18408313308313 428.0981195940949 428.01869118065395 202.64747716169575 352.6655639554279 434.81605306152164 157.4420528321452 176.5106229097841 339.8602654032978 552.2318353735142 438.41989005974625 264.8339102154405 312.5699921617557 415.74030355499576 115.7410903698423 265.42418879973997 443.40162381299416 436.3129610726686 277.71388153997634 355.50808710914015 541.084096975692 382.47222121351507 386.6949702284735 365.0013698604431 215.1278689523977 122.80065146407001 430.17322092385064 526.4389803196568 538.4134099370111 158.2308440222702 381.65953414005 446.0874353756223 533.6037855937681 220.5379785887229 122.37646832622684 351.961645637703 354.91970923012997 355.50808710914015 332.02409551115414 510.0362732198564 234.01922997907673 99.68951800465283 319.4526568992658 340.414453277178 393.10303992719264 51.40038910358559 307.8830946966722 492.6469323968231 327.0550412392385 150.9602596712128 314.5854414940399 316.07752213657966 463.9709042601702 475.6816162098342 468.88484727062786 463.22024998913855 305.04589818583037
191.0026177831079 224.72205054244233 278.2103520719529 29.614185789921695 48.093658625644196 274.3082208028042 350.46397817750113 380.2959373961284 194.87944991712183 147.08500943332058 120.0 0.0 239.43683927081898 194.49421585229726 247.2023462671825 326.2529693351464 193.0 110.00454536063498 191.38704240360684 445.06741062450305 289.8706608127149 303.3891889965758 264.43335644354704 67.06713054842886 33.24154027718932 465.92059409302783 90.60905032059435 98.59513172565875 89.10667763978185 327.00611615075337 198.6454127333425 317.19552329753964 286.53097563788805 172.35138525698017 523.8110346298558 113.86395390991831 173.78722622793657 372.52248254300036 391.89411835341446 336.5352878971238 185.1944923587092 262.78698597913865 236.01906702637396 276.04528613979267 87.23531395025755 326.0 338.89231327960215 86.1278120005379 238.90793205751876 323.02476685232665 75.39230729988306 71.02112361825881 232.62201099638014 437.154434954056 318.7287247801804 206.1286006356226 216.3792966066763 301.2640038238887 38.62641583165593 145.7737973711325 355.0281678965769 317.71842880135233 174.14074767268 243.57750306627253 421.2790049361587 300.1283058959951 301.0597947252339 308.01623333843946 99.4786409235671 89.8443097808648 348.01293079424505 408.5119337302155 418.4172558583119 51.19570294468082 262.0534296665472 345.21008096520006 414.18474138963643 131.3202193114221 53.665631459994955 262.42903802742563 235.1850335374256 264.003787851614 212.94130646729863 391.33745029066665 114.03946685248927 49.01020301937138 199.7248106770914 274.79810770818636 332.58081724597406 68.60029154456998 213.41040274550818 372.6620452903676 213.59073013593076 111.01801655587259 204.08821622033938 197.9520143873257 378.38208202820596 364.17715469260287 388.1198268576343 344.48367160142726 236.02754076590298
58.54912467321779 260.3113520382851 256.04101233982027 217.74526401279087 277.31750756127894 282.3065709472594 113.07077429645558 200.11246837716035 214.0840956259946 295.00508470194205 356.6090296108611 239.43683927081898 0.0 245.89835298350414 167.37084572887835 89.87213138676528 96.317184344228 166.00301202086666 171.4788616710526 207.6174366473105 267.25456029785533 274.3082208028042 135.14806694880988 186.04300578092153 266.9175902783479 246.06503205453635 270.05925275761246 239.82702099638396 243.52823244954578 219.2008211663451 180.36074961032958 325.3013987058771 136.2130683891968 245.52189311749777 290.6819567843866 275.7698315624826 159.81239000778382 166.50825805346713 156.16977940690063 220.4948979001555 213.23461257497573 291.43266803843386 236.90715480964266 166.5322791533221 289.6963927977012 260.3113520382851 316.6607016982057 177.9100896520487 31.064449134018133 208.4346420343797 211.62703040963365 215.24404753674375 191.8567173700207 198.600100704909 93.86160024205851 222.02026934494066 230.9328906847182 66.70832032063167 261.36947029062134 116.10340218959993 204.02205763103166 81.83520025025906 197.85095400325974 169.19810873647495 192.753728887407 312.60358283295477 180.06943105369106 263.4008352302627 141.48498153514387 300.4430062424486 218.58865478336244 224.72205054244233 198.94974239742055 222.28135324403618 93.47726996441435 154.50566332662373 211.0473880435387 236.22235287965447 267.01685340067957 150.8409758653132 43.93176527297759 144.40221604947757 97.98979538707079 201.2486024796197 134.33167906342868 279.2131802046601 56.0357029044876 225.89378034819816 268.66335812685736 306.11109094575454 235.58013498595335 152.34500319997372 42.1070065428546 251.7876089087785 63.071388124885914 42.485291572496 229.3926764306132 134.34656675925888 376.80897016923575 108.72442227944924 204.15925156602626
239.87079855622275 389.22487073669896 92.00543462209176 205.84703058339218 238.447059113758 433.26781555984513 345.4750352775147 443.0722288747062 34.438350715445125 338.60005906674024 240.00833318866242 194.49421585229726 245.89835298350414 0.0 118.25819210524064 327.0244639166923 275.835095664058 114.73883387938018 322.4422428901027 431.00464034624963 101.49384217774002 449.040087297337 351.2506227752486 216.6702563805194 188.904737897174 487.99385242029433 283.73579259585847 99.02019995940222 110.05453193758083 434.42030339292387 332.74614948936676 479.8176737053357 363.73616812189573 343.94330928221297 519.0857347298229 305.62885989382613 301.8774585821207 412.4039282063157 345.4924022319449 439.9863634250498 339.4775397577872 428.85078990250213 51.97114584074513 149.24141516348604 281.48534597737057 456.0701700396552 490.50586133093253 231.91808898833224 222.27235545609355 426.1419951143046 120.43255373859678 246.2194143441983 362.9063240011119 395.7019080065195 338.86870613852795 33.24154027718932 370.59951430081503 273.85397568777415 232.7230113246217 241.61539686038222 224.10042391749283 320.65713776555793 323.43314610596116 358.06424004639166 431.2307966738925 463.1813899543029 168.8342382338369 125.03599481749245 169.19810873647495 282.65172916506276 203.5313243704762 469.00959478458435 442.2951503238533 232.26062946612367 323.5861554516818 250.89041432466087 456.9343497702925 307.631272792608 248.07257002740147 146.98639392814562 274.2626478396211 153.83757668398187 293.97278785629123 446.135629601582 216.52944372532804 238.51624682608102 249.46743274423616 104.35516278555652 153.39491516996253 213.37759957408838 370.5401462729781 396.7177838211945 203.79646709401024 91.98369420718001 182.8879438344693 226.63847863944022 239.42639787625757 310.3369136922 547.252227039781 344.88983748437704 76.60939890117922
188.83061192507955 382.8276374558138 89.94442728707543 244.13520843991347 295.28630174798155 418.0574123251494 245.34465553584002 365.5051299229602 85.70297544426332 368.4087403957729 330.3891644712338 247.2023462671825 167.37084572887835 118.25819210524064 0.0 231.10603626906848 234.0683660813652 137.44089638822936 300.29319006597535 322.8157369150395 100.43903623591775 421.8364612026798 296.70861126701396 235.5949914577982 256.9435735720977 389.7396566940552 321.92701036104444 180.27756377319946 190.24457942343588 382.5232019106815 310.84562084739105 464.41360875839973 301.9023020780067 348.90973044614276 410.90753217725273 338.73293314940605 281.81021982887705 326.11960995929087 231.93533581582605 385.17658288115075 330.84739684634064 420.2879964976397 82.87339742040264 32.64965543462902 329.3706119252293 417.0191842109905 464.96128871122164 242.53865671269807 137.26616480400406 372.3922662999327 177.91290003819284 271.07379069175977 333.8622470420997 281.6611439300778 250.45758123881976 85.14693182963201 357.79463383343244 172.14238292762187 284.01584462842914 218.65269264292172 113.21660655575224 226.43321311150447 313.64310928187155 319.37595401031683 331.1027030998086 449.2883261336755 56.32051136131489 96.64884893261792 171.81676286090365 334.94029318671113 101.24228365658294 388.5061132080163 347.0014409191985 264.8848806557294 258.9922778771599 132.6536844569347 368.8604072003391 321.7732120609172 296.952858211535 29.154759474226502 207.06762180505189 36.6742416417845 246.60291969074495 364.40087815481456 208.25465180878913 296.2043213729334 195.64508682816444 58.52349955359813 106.7941945987702 291.49442533262965 360.0347205478938 304.53242848668845 130.17680284904833 182.54314558481784 112.05802068571441 168.1071087134628 133.75350462698165 196.468827043885 524.8637918546106 247.01821795163207 46.238512086787566
136.40014662748717 302.0413878924542 320.62439083762797 302.6879581351065 361.20354372569494 310.28051824115545 24.413111231467404 147.56693396557372 293.58644382872995 362.0842443410097 444.7842173458946 326.2529693351464 89.87213138676528 327.0244639166923 231.10603626906848 0.0 154.38264151127873 255.53864678361276 219.20310216782974 118.82760622010359 330.2756424564185 289.28186946298587 145.16886718577092 268.4268988011447 354.9788726107513 161.01242188104618 346.19214318063314 329.31747600150226 333.2641594891356 209.02152999152983 225.17770760001977 346.5977495599185 130.60245020672468 301.6289110811495 200.81085628023203 347.96838936891953 214.89765005695153 99.53893710503444 95.35197952848173 205.32169880458324 263.60955976595386 325.2076259868455 309.7127701597078 218.97945109073592 368.26213489849863 261.9637379485947 327.3912033027155 257.1633721975196 105.62196741208714 197.3676771915807 301.4979270243827 293.7771264070775 223.27113561766106 123.0 32.7566787083184 299.866637023861 272.0900586203031 60.63827174318213 345.0 190.8952592391964 225.01555501786981 8.602325267042627 251.43189932862538 193.83756085960223 104.67568963231147 337.3218048095913 223.48601745970598 320.41379495895615 230.1238796822268 379.8697145074874 248.67649667791284 165.10905486980417 116.27553482998907 303.71368095625854 104.04326023342406 159.84054554461454 139.26952286842948 302.32432915661946 348.9312253152475 207.17142660125697 95.29428104561154 199.3313823761828 143.83671297690307 140.8900280360537 216.0092590608097 363.2093060481793 128.96898852049665 287.2716484444645 318.47291878588356 393.8743454453463 278.21754078418564 73.824115301167 127.9531164137865 340.94574348420895 147.2582765076381 128.7245120402482 246.2925090212855 94.66784036831093 384.46846424641905 18.867962264113206 274.18242102658587
46.22769732530488 164.17368851311102 313.86939959161356 165.05150711217394 218.3437656540713 189.33568073662187 178.08424972467387 188.55768348173987 250.9362468835461 207.78113485107352 312.385979198811 193.0 96.317184344228 275.835095664058 234.0683660813652 154.38264151127873 0.0 167.6722994414999 75.28612089887484 267.5556016980396 326.2698269837406 188.09040379562165 78.02563681252464 127.31457104353767 225.42404485768594 274.7671741675122 194.1468516355596 232.86047324524614 232.07972767995054 158.61904047118682 84.50443775329198 234.13671220037236 96.317184344228 151.08275877809487 338.4154251803543 194.09276132818556 64.07027391856539 180.20543831971332 241.84705910967782 164.57521077003062 117.09824934643558 196.4739168439414 284.45034716097643 243.57750306627253 217.8003673091485 184.36105879496353 231.22499864850255 111.39569111954016 120.5404496424333 150.62536307010186 197.58795509848267 145.09651959988565 100.89598604503551 276.81221071332817 136.34148304899725 261.6447973876033 135.07405376311175 159.11316727411344 202.18061232472317 47.4236228055175 294.89320100673734 146.10954794263105 102.17631819555841 85.70297544426332 234.8297255459794 220.27255843613383 262.0686932847951 329.20054677961883 118.3427226321923 230.05434140654683 305.3686296920494 216.76023620581336 227.96929617823537 158.61904047118682 69.40461079784254 250.14595739287893 221.23742902140225 148.00675660252813 202.94087809014724 226.49061790723252 61.5223536610881 221.92115717073935 20.615528128088304 198.63534428696218 80.4114419718985 220.51077071199947 42.485291572496 289.60835623303416 340.7359681630338 261.1991577321795 139.47401191619892 183.9347710466947 110.67971810589327 247.58432906789557 123.84264209067892 68.81860213634101 320.764711276038 226.03539545832197 291.35888522576414 169.66437457521835 258.9710408520613
139.5886814895821 275.3343422096125 180.27756377319946 107.70329614269008 158.01265772082945 318.67538342332 277.94963572561124 347.6147292621531 99.76472322419383 237.03375287076733 206.23530250662714 110.00454536063498 166.00301202086666 114.73883387938018 137.44089638822936 255.53864678361276 167.6722994414999 0.0 208.06249061279644 371.29503093900945 192.77447963877376 334.5205524328812 245.34465553584002 106.83164325236227 123.4908903522847 410.85885654321726 186.89301752607025 73.824115301167 78.00640999302557 325.3459696999488 218.27734651126764 365.3080891521566 261.0689564080724 231.94827009486403 456.11950188519677 205.62587385832552 187.4593289223025 325.28141662259156 302.9719458959856 331.9292093203007 225.055548698538 314.8650504581288 140.71957930579526 166.04818577750254 192.39802493788756 343.11076928595526 375.8257574994029 119.55333537798099 153.67498169838836 317.9213739275798 49.4064773081425 140.1606221447379 249.0180716333656 351.43847256667846 258.0174412709342 111.80339887498948 255.99414055794324 216.00231480241132 146.57762448614045 128.84486796143648 245.381335883559 247.69739602991388 208.84922791334424 246.19707553096563 358.687886608957 348.7491935474547 191.06543381784158 206.65188119153427 54.56189146281496 197.58795509848267 238.03361107205006 374.9946666287402 363.23546082396746 130.5450113945378 224.51057881534223 240.4766100892143 369.7783119654261 198.04039991880444 159.66527487215245 152.64337522473747 180.9447429465692 154.5736070614903 187.2671887971836 353.79372521287036 101.9803902718557 159.0 149.77650015940418 170.30854353202602 228.61539755668252 161.0496817755316 256.09568524284043 316.24357700987383 128.80993750483694 86.16263691415206 112.53888216967503 133.4541119636259 268.47718711279737 271.5916051721776 432.52283176729526 274.40116617827994 131.59027319676784
119.4361754243663 88.88756943465155 373.75125417849773 161.89502771858065 200.02499843769527 117.79643458101778 241.2343259156955 206.86710710018642 302.7358584641073 151.99013125857877 301.3652269257354 191.38704240360684 171.4788616710526 322.4422428901027 300.29319006597535 219.20310216782974 75.28612089887484 208.06249061279644 0.0 323.3852192045889 386.4194612076364 126.65701717630967 92.80086206496145 127.0 224.2944493294473 311.8092365533773 157.29272074701996 259.268200904006 255.31353273964936 136.3084736911099 10.63014581273465 164.14627622946554 117.61377470347595 83.48652585896721 384.3292858994745 148.55302083767936 20.615528128088304 217.18655575334307 311.3615262038648 146.4547711752676 44.40720662234904 122.18837915284743 340.14702703389895 313.4230368048909 183.88311504866346 137.93114224133723 168.65645555388622 107.0 195.57607215607945 133.46160496562297 223.00896842952304 125.0 42.42640687119285 341.9546753591768 195.0 314.30240215435833 60.00833275470999 232.69078194032525 185.62596801094398 83.24061508662703 368.95799218881274 211.60340261914504 34.0 54.56189146281496 282.66764936936096 149.03690818049066 333.3766638503661 392.587569849072 153.52198539622916 196.91876497682998 377.9867722553264 233.80547470065795 268.7638368531005 144.06942770761603 118.00423721205946 325.4243383645421 250.7149776140229 96.17692030835673 180.54639292990598 296.2195131992489 133.73481222179961 292.3850201361212 77.02596964660685 222.03603311174518 106.10372283760829 202.24984548819808 117.39250401963491 352.932004782791 406.8574689003509 253.2212471338059 64.19501538281614 230.7639486574972 183.83144453547658 274.5651106750455 194.4350791395421 142.22517358048822 394.9101163556082 298.54312921251426 227.00220263248548 231.81458107720488 319.2146613174276
254.7959968288356 397.63425405767043 407.3818847224309 421.2790049361587 479.4538559653056 394.7378877179134 94.76286192385707 171.23083834403195 396.6724089220222 472.4880950881197 563.5645482107617 445.06741062450305 207.6174366473105 431.00464034624963 322.8157369150395 118.82760622010359 267.5556016980396 371.29503093900945 323.3852192045889 0.0 414.93372964848254 364.0054944640259 235.9872877932199 386.53460388430943 473.76154339498686 93.81364506296512 461.5333140738597 444.6234361794259 449.29834186206386 269.67016891009655 327.29955698106284 423.0011820314454 213.96495040076073 406.8464083656141 88.23264701911646 461.37403481340385 323.1857051294194 124.4025723206719 98.32598842625484 261.3981637272917 366.8378388334551 413.5408081435253 405.3763683294822 302.16551755618974 484.5420518386407 326.8103425535979 395.06581730137066 374.44492251865296 218.0 259.3260495977988 418.4459343810141 410.5277091744235 317.0520462006199 64.66065264130884 131.2288078129189 401.0486254807514 368.89700459613385 158.31929762350515 463.2116147075762 307.7092783781471 277.41665415039523 127.34991166074674 357.1134273588715 286.24639735724185 54.70831746635972 417.3463789228319 298.0503313200641 399.3657471541594 348.72481987951477 496.4604717396945 306.78983033992506 169.26015479137433 85.0881895447306 421.40004746084213 205.7692882818036 212.11553455605272 127.9531164137865 413.26020858534156 466.601543075031 295.0254226333724 212.20037700249262 287.0 253.57641846196975 153.73353570382747 334.21549934136806 481.48624071721923 246.9109151090733 372.6996109469394 390.03204996512784 512.6919152863637 375.6926935674954 97.41663102366043 242.49536078036627 455.44264183319507 259.9249891795708 247.48737341529164 290.68883707497264 131.0953851209111 445.2235393597243 100.65783625729296 368.7166934110795
282.936388610585 463.1813899543029 12.727922061357855 296.5434200922354 335.87199942835366 502.76435832306174 343.1180554852805 465.9291791678216 95.2732911156112 428.66420424383466 341.2110783664563 289.8706608127149 267.25456029785533 101.49384217774002 100.43903623591775 330.2756424564185 326.2698269837406 192.77447963877376 386.4194612076364 414.93372964848254 0.0 511.4000391083286 393.57337308308854 299.5947262553198 288.2013185257833 487.004106758865 376.10769734213096 198.92712233378333 210.09759636892565 479.4204835006531 397.04533746160524 549.5962154163727 400.3860636935307 423.16190754839926 502.0766873695691 396.489596332615 366.7219655270188 426.2980178232125 319.6779629564728 482.7556317641463 411.5385765636072 502.0537819795804 53.85164807134504 113.21660655575224 377.0 510.6045436538927 554.2282923128339 311.4434138009664 237.507894605632 469.6594510919588 214.478437144623 332.63343187358663 423.2068052382901 367.44659475902074 350.66365651433 83.773504164503 440.7777217600726 270.4163456597992 328.49505323520475 303.1913587159106 159.53056133543816 325.993864972947 394.58839313897715 411.93810214642684 428.02920461108727 533.7002904252536 118.40608092492548 27.294688127912362 241.77055238386663 379.4482836962107 131.40015220691336 488.9222842129411 445.4952300530276 321.50272160589867 357.64926953651116 209.03827400741713 468.72806615350015 390.62257999250374 343.3846240005513 123.1990259701756 305.6550343115585 131.13733259449805 340.84747321932724 464.79672976474353 285.674640106538 336.1621632486321 290.766229125736 43.04648650006177 56.08029957123981 314.49801271232224 442.01018087822365 403.985148241863 228.60008748904713 193.18902660347973 209.1721778822413 263.8560213449752 165.8493292117879 284.787640181241 613.2943828211702 345.52279230175253 67.42403132415029
